8.0314e-01
5.5692e-01
7.5447e-01
7.8988e-01
8.2738e-01
3.6034e-01
7.8651e-01
8.5338e-01
6.5006e-01
8.7566e-01
8.8487e-01
8.1179e-01
3.6571e-01
1.9321e-01
5.2689e-01
4.8023e-01
7.6449e-01
4.5401e-01
3.9161e-01
6.6807e-01
4.5925e-01
8.8882e-01
3.4700e-01
9.0333e-01
4.6540e-01
5.8746e-01
8.8588e-01
8.5338e-01
8.0567e-01
2.3452e-01
1.0013e-01
5.3788e-01
7.6096e-01
7.7652e-01
5.5212e-01
6.3598e-01
7.8357e-01
4.4071e-01
8.1231e-01
6.1567e-01
8.0310e-01
8.3843e-01
8.8900e-01
6.4495e-01
7.0896e-01
8.9286e-01
8.6955e-01
4.5321e-01
8.2815e-01
4.9685e-01
7.1241e-01
5.7092e-01
9.0666e-01
6.2252e-01
7.8357e-01
8.0567e-01
4.6980e-01
7.6096e-01
4.9434e-01
8.7566e-01
7.6739e-01
6.0666e-01
5.5854e-01
5.5854e-01
4.1673e-01
7.2053e-01
7.5422e-01
3.9014e-01
8.9410e-01
4.5321e-01
6.0666e-01
8.6952e-01
8.9153e-01
5.3824e-01
8.4279e-01
5.1926e-01
8.9517e-01
6.5006e-01
5.3824e-01
9.0627e-01
6.5411e-01
5.9231e-01
7.8381e-01
3.4700e-01
6.5233e-01
7.0173e-01
5.9231e-01
6.8263e-01
6.6450e-01
7.5447e-01
6.8263e-01
8.4642e-01
8.5477e-01
6.9882e-01
8.2355e-01
6.8265e-01
2.7757e-01
9.0553e-01
5.4494e-01
5.6292e-01
4.6863e-01
6.9099e-01
6.9431e-01
6.4449e-01
7.9602e-01
7.1241e-01
7.8250e-01
6.2898e-01
5.4494e-01
8.9410e-01
6.2857e-01
7.8015e-01
5.5782e-01
8.8054e-01
5.7433e-01
3.4780e-01
8.2105e-01
6.8955e-01
7.0594e-01
8.0467e-01
5.5999e-01
4.5401e-01
7.9924e-01
9.1198e-01
6.1567e-01
8.8207e-01
5.6292e-01
4.4160e-01
6.8290e-01
5.3788e-01
7.6449e-01
6.8856e-01
8.9139e-01
1.3418e-01
9.0938e-01
9.0131e-01
6.5233e-01
4.8023e-01
8.2233e-01
7.9561e-01
4.9452e-01
5.8926e-01
5.2863e-01
5.1289e-01
8.6794e-01
7.8250e-01
5.5782e-01
6.2025e-01
8.5206e-01
6.8955e-01
4.6863e-01
7.0594e-01
6.8856e-01
4.5724e-01
5.5212e-01
8.8032e-01
6.7319e-01
4.2128e-01
3.5016e-01
3.5200e-01
9.0232e-01
9.1071e-01
9.0938e-01
5.5411e-01
2.4532e-01
4.7088e-01
3.7542e-01
6.8794e-01
2.3452e-01
4.1493e-01
4.5213e-01
1.7159e-01
1.5576e-01
6.2025e-01
7.5788e-01
5.8448e-01
6.2857e-01
7.4324e-01
8.5258e-01
6.4449e-01
1.0013e-01
8.2105e-01
9.0074e-01
6.6807e-01
8.6350e-01
4.4160e-01
7.5422e-01
2.4532e-01
6.4495e-01
5.7054e-01
3.3480e-01
8.2233e-01
8.7988e-01
8.1179e-01
3.8961e-01
8.9139e-01
6.2898e-01
6.9882e-01
9.0131e-01
5.8867e-01
7.9602e-01
1.4025e-01
6.6412e-02
5.5999e-01
8.5285e-01
8.2738e-01
4.6980e-01
6.8265e-01
8.0000e-01
6.0525e-01
6.8489e-01
1.7159e-01
7.8991e-01
5.7054e-01
8.9910e-01
5.8448e-01
7.8651e-01
5.2863e-01
7.9924e-01
8.9330e-01
8.6133e-01
1.3418e-01
9.0666e-01
8.1710e-01
3.6571e-01
6.8489e-01
8.2355e-01
6.9906e-01
8.6955e-01
5.8372e-01
7.4656e-01
8.4307e-01
7.4656e-01
6.6599e-01
8.8882e-01
4.4071e-01
9.1198e-01
6.4149e-01
3.6034e-01
7.6739e-01
8.4949e-01
3.0730e-01
7.7652e-01
7.5785e-01
9.0731e-01
8.8487e-01
3.5016e-01
8.6952e-01
3.9014e-01
4.9434e-01
6.4149e-01
8.7529e-01
8.0713e-01
6.9431e-01
7.3431e-01
8.1589e-01
4.6540e-01
8.1545e-01
5.6278e-01
7.8381e-01
8.9330e-01
5.7092e-01
5.8926e-01
7.7828e-01
7.0896e-01
4.5724e-01
5.2689e-01
3.9307e-01
8.1690e-01
9.0647e-01
6.8557e-01
5.8372e-01
8.6794e-01
6.8557e-01
6.6412e-02
1.9321e-01
6.2252e-01
4.3001e-01
8.5285e-01
8.1674e-01
6.5411e-01
8.0000e-01
4.5213e-01
3.9307e-01
2.7757e-01
5.1289e-01
7.9561e-01
8.4279e-01
7.8988e-01
3.3480e-01
7.8015e-01
9.0714e-01
6.0525e-01
8.1545e-01
8.1710e-01
8.1674e-01
7.7828e-01
9.0647e-01
6.5482e-01
4.3001e-01
4.5925e-01
3.8961e-01
8.6589e-01
8.9910e-01
3.4780e-01
8.5206e-01
4.7088e-01
6.9099e-01
6.7319e-01
8.8032e-01
9.0232e-01
8.0314e-01
8.6133e-01
6.8756e-01
5.8746e-01
8.4642e-01
4.1673e-01
4.9452e-01
6.8290e-01
8.3843e-01
6.8794e-01
8.2815e-01
9.0553e-01
5.6278e-01
8.8272e-01
8.0713e-01
8.1231e-01
7.2253e-01
7.5785e-01
7.3797e-01
7.3797e-01
7.4324e-01
8.1690e-01
