8.5504e-01
5.5806e-01
8.1315e-01
6.4979e-01
7.4122e-01
4.9758e-01
7.7891e-01
7.9545e-01
7.1750e-01
8.7979e-01
9.5340e-01
8.2933e-01
4.4295e-01
4.6985e-01
4.6866e-01
5.5532e-01
6.8605e-01
5.2805e-01
4.4854e-01
5.3710e-01
5.8824e-01
9.2748e-01
3.7836e-01
9.5244e-01
5.9085e-01
8.2813e-01
8.7053e-01
7.9545e-01
8.7727e-01
5.5237e-01
2.9684e-01
6.7775e-01
9.2668e-01
7.3455e-01
5.7488e-01
4.2243e-01
7.4441e-01
4.9890e-01
6.4337e-01
5.9671e-01
8.8292e-01
5.9735e-01
8.7400e-01
7.4934e-01
6.4335e-01
9.5955e-01
9.7825e-01
6.3415e-01
7.8806e-01
5.5964e-01
8.9983e-01
4.7578e-01
9.5182e-01
6.4955e-01
7.4441e-01
8.7727e-01
5.7091e-01
9.2668e-01
4.7685e-01
8.7979e-01
9.0445e-01
7.2932e-01
8.1023e-01
8.1023e-01
5.9183e-01
8.1853e-01
7.1850e-01
4.8232e-01
9.2442e-01
6.3415e-01
7.2932e-01
8.2122e-01
9.6931e-01
6.9714e-01
8.2969e-01
5.8205e-01
8.7030e-01
7.1750e-01
6.9714e-01
9.7946e-01
6.4368e-01
5.6044e-01
5.8961e-01
3.7836e-01
8.2439e-01
7.9453e-01
5.6044e-01
9.0353e-01
7.5302e-01
8.1315e-01
9.0353e-01
7.8179e-01
8.2791e-01
7.4503e-01
8.7882e-01
6.4773e-01
3.6894e-01
9.8451e-01
6.7763e-01
6.3160e-01
5.4418e-01
7.4605e-01
8.6239e-01
8.0643e-01
7.4938e-01
8.9983e-01
7.5471e-01
7.6730e-01
6.7763e-01
9.2442e-01
6.0375e-01
9.1888e-01
5.8976e-01
9.5264e-01
7.7159e-01
3.9961e-01
7.0847e-01
9.0324e-01
5.7068e-01
8.7073e-01
6.5784e-01
5.2805e-01
7.9234e-01
9.7587e-01
5.9671e-01
8.6974e-01
6.3160e-01
5.7715e-01
6.0121e-01
6.7775e-01
6.8605e-01
6.0560e-01
7.5670e-01
3.9665e-01
9.8633e-01
9.9051e-01
8.2439e-01
5.5532e-01
8.0952e-01
7.4758e-01
8.3781e-01
7.2220e-01
6.9531e-01
5.4563e-01
8.9875e-01
7.5471e-01
5.8976e-01
5.9495e-01
7.3603e-01
9.0324e-01
5.4418e-01
5.7068e-01
6.0560e-01
4.8907e-01
5.7488e-01
8.3528e-01
6.6620e-01
6.7187e-01
2.5433e-01
4.0534e-01
9.8727e-01
2.1181e-01
9.8633e-01
5.3569e-01
5.0223e-01
5.1038e-01
4.4816e-01
4.8558e-01
5.5237e-01
5.8490e-01
5.2417e-01
4.7366e-01
3.2412e-01
5.9495e-01
5.4480e-01
7.0682e-01
6.0375e-01
8.4165e-01
7.7784e-01
8.0643e-01
2.9684e-01
7.0847e-01
9.3461e-01
5.3710e-01
9.1260e-01
5.7715e-01
7.1850e-01
5.0223e-01
7.4934e-01
3.6809e-01
4.9988e-01
8.0952e-01
9.6173e-01
8.2933e-01
4.6175e-01
7.5670e-01
7.6730e-01
7.4503e-01
9.9051e-01
6.5654e-01
7.4938e-01
4.6467e-01
5.9521e-01
6.5784e-01
8.9245e-01
7.4122e-01
5.7091e-01
6.4773e-01
9.4641e-01
6.0989e-01
7.1878e-01
4.7366e-01
8.2611e-01
3.6809e-01
1.0283e-03
7.0682e-01
7.7891e-01
6.9531e-01
7.9234e-01
6.2555e-01
7.0987e-01
3.9665e-01
9.5182e-01
8.7178e-01
4.4295e-01
7.1878e-01
8.7882e-01
8.3556e-01
9.7825e-01
8.3686e-01
6.7338e-01
8.3946e-01
6.7338e-01
6.2441e-01
9.2748e-01
4.9890e-01
9.7587e-01
6.7065e-01
4.9758e-01
9.0445e-01
8.0848e-01
3.7853e-01
7.3455e-01
8.4584e-01
9.7017e-01
9.5340e-01
2.5433e-01
8.2122e-01
4.8232e-01
4.7685e-01
6.7065e-01
9.1556e-01
8.1678e-01
8.6239e-01
4.2387e-01
7.4388e-01
5.9085e-01
8.1563e-01
7.1271e-01
5.8961e-01
6.2555e-01
4.7578e-01
7.2220e-01
6.6729e-01
6.4335e-01
4.8907e-01
4.6866e-01
3.8676e-01
9.4115e-01
9.9207e-01
7.0834e-01
8.3686e-01
8.9875e-01
7.0834e-01
5.9521e-01
4.6985e-01
6.4955e-01
5.0072e-01
8.9245e-01
8.4684e-01
6.4368e-01
9.4641e-01
5.2417e-01
3.8676e-01
3.6894e-01
5.4563e-01
7.4758e-01
8.2969e-01
6.4979e-01
4.9988e-01
9.1888e-01
9.5872e-01
6.0989e-01
8.1563e-01
8.7178e-01
8.4684e-01
6.6729e-01
9.9207e-01
6.9092e-01
5.0072e-01
5.8824e-01
4.6175e-01
9.4007e-01
1.0283e-03
3.9961e-01
7.3603e-01
5.1038e-01
7.4605e-01
6.6620e-01
8.3528e-01
9.8727e-01
8.5504e-01
7.0987e-01
6.3250e-01
8.2813e-01
7.8179e-01
5.9183e-01
8.3781e-01
6.0121e-01
5.9735e-01
4.8558e-01
7.8806e-01
9.8451e-01
7.1271e-01
9.5486e-01
8.1678e-01
6.4337e-01
7.4770e-01
8.4584e-01
7.6843e-01
7.6843e-01
8.4165e-01
9.4115e-01
