9.3767e-01
5.9457e-01
8.3248e-01
6.4530e-01
9.1567e-01
4.9706e-01
8.1052e-01
8.5888e-01
5.8954e-01
9.1295e-01
9.4563e-01
8.2974e-01
4.4515e-01
5.0336e-01
5.6916e-01
5.2904e-01
6.7779e-01
5.9230e-01
4.4477e-01
5.1518e-01
5.5901e-01
9.6713e-01
4.8778e-01
9.5964e-01
5.6387e-01
9.3298e-01
8.5131e-01
8.5888e-01
9.2048e-01
4.3652e-01
3.3180e-01
5.5243e-01
7.2365e-01
6.4890e-01
4.2213e-01
4.9400e-01
7.5824e-01
4.5883e-01
7.0819e-01
5.6723e-01
8.9296e-01
7.5969e-01
8.9806e-01
5.6502e-01
6.0509e-01
9.5021e-01
9.9396e-01
5.4173e-01
9.5195e-01
5.2508e-01
9.2493e-01
5.7715e-01
9.5852e-01
6.4624e-01
7.5824e-01
9.2048e-01
6.0305e-01
7.2365e-01
5.6773e-01
9.1295e-01
8.7304e-01
6.1221e-01
7.7395e-01
7.7395e-01
5.5717e-01
6.2916e-01
9.0381e-01
4.8368e-01
4.6860e-01
5.4173e-01
6.1221e-01
9.2935e-01
9.7079e-01
4.6941e-01
8.8270e-01
5.9004e-01
9.5166e-01
5.8954e-01
4.6941e-01
1.0133e+00
5.7803e-01
5.2207e-01
5.7798e-01
4.8778e-01
6.6402e-01
8.0087e-01
5.2207e-01
9.1339e-01
8.1778e-01
8.3248e-01
9.1339e-01
8.3069e-01
8.9925e-01
8.4802e-01
9.2174e-01
6.7177e-01
3.6406e-01
9.9350e-01
4.6691e-01
6.1101e-01
5.4000e-01
5.1974e-01
6.9818e-01
7.1381e-01
7.1673e-01
9.2493e-01
7.8470e-01
5.9657e-01
4.6691e-01
4.6860e-01
4.8447e-01
5.8779e-01
4.1967e-01
9.6216e-01
5.6247e-01
4.5224e-01
6.6451e-01
7.9109e-01
5.2163e-01
8.4787e-01
6.7155e-01
5.9230e-01
8.9335e-01
9.7998e-01
5.6723e-01
6.4737e-01
6.1101e-01
5.9496e-01
7.2252e-01
5.5243e-01
6.7779e-01
5.7607e-01
7.6500e-01
4.7543e-01
1.0056e+00
9.9261e-01
6.6402e-01
5.2904e-01
8.2344e-01
8.8568e-01
9.3939e-01
7.5292e-01
5.8669e-01
5.5539e-01
7.0983e-01
7.8470e-01
4.1967e-01
6.1792e-01
9.1333e-01
7.9109e-01
5.4000e-01
5.2163e-01
5.7607e-01
5.4642e-01
4.2213e-01
7.9540e-01
7.3634e-01
6.3449e-01
3.5715e-01
5.1734e-01
9.8253e-01
9.4318e-01
1.0056e+00
6.4276e-01
4.3662e-01
4.8205e-01
4.1923e-01
4.9643e-01
4.3652e-01
5.6885e-01
5.0567e-01
4.1657e-01
3.1711e-01
6.1792e-01
8.7251e-01
6.1138e-01
4.8447e-01
7.2446e-01
7.1514e-01
7.1381e-01
3.3180e-01
6.6451e-01
9.0175e-01
5.1518e-01
9.7355e-01
5.9496e-01
9.0381e-01
4.3662e-01
5.6502e-01
6.1187e-01
4.5158e-01
8.2344e-01
9.8497e-01
8.2974e-01
5.4190e-01
7.6500e-01
5.9657e-01
8.4802e-01
9.9261e-01
7.4701e-01
7.1673e-01
5.8291e-01
8.9564e-01
6.7155e-01
9.0969e-01
9.1567e-01
6.0305e-01
6.7177e-01
8.8675e-01
5.8373e-01
7.0444e-01
4.1657e-01
8.0951e-01
6.1187e-01
8.6741e-01
6.1138e-01
8.1052e-01
5.8669e-01
8.9335e-01
6.6995e-01
8.5503e-01
4.7543e-01
9.5852e-01
7.9853e-01
4.4515e-01
7.0444e-01
9.2174e-01
7.2371e-01
9.9396e-01
6.9610e-01
8.3717e-01
8.5421e-01
8.3717e-01
6.6534e-01
9.6713e-01
4.5883e-01
9.7998e-01
5.0010e-01
4.9706e-01
8.7304e-01
7.9850e-01
3.9086e-01
6.4890e-01
4.1411e-01
9.8291e-01
9.4563e-01
3.5715e-01
9.2935e-01
4.8368e-01
5.6773e-01
5.0010e-01
9.0359e-01
6.4848e-01
6.9818e-01
6.9210e-01
9.2316e-01
5.6387e-01
8.8002e-01
6.3370e-01
5.7798e-01
6.6995e-01
5.7715e-01
7.5292e-01
7.2426e-01
6.0509e-01
5.4642e-01
5.6916e-01
4.4065e-01
9.4881e-01
9.9435e-01
4.8421e-01
6.9610e-01
7.0983e-01
4.8421e-01
8.9564e-01
5.0336e-01
6.4624e-01
5.1142e-01
9.0969e-01
6.0717e-01
5.7803e-01
8.8675e-01
5.0567e-01
4.4065e-01
3.6406e-01
5.5539e-01
8.8568e-01
8.8270e-01
6.4530e-01
4.5158e-01
5.8779e-01
9.8232e-01
5.8373e-01
8.8002e-01
7.9853e-01
6.0717e-01
7.2426e-01
9.9435e-01
7.5138e-01
5.1142e-01
5.5901e-01
5.4190e-01
9.2782e-01
8.6741e-01
4.5224e-01
9.1333e-01
4.8205e-01
5.1974e-01
7.3634e-01
7.9540e-01
9.8253e-01
9.3767e-01
8.5503e-01
4.5259e-01
9.3298e-01
8.3069e-01
5.5717e-01
9.3939e-01
7.2252e-01
7.5969e-01
4.9643e-01
9.5195e-01
9.9350e-01
6.3370e-01
8.8110e-01
6.4848e-01
7.0819e-01
7.4662e-01
4.1411e-01
6.7060e-01
6.7060e-01
7.2446e-01
9.4881e-01
