9.1599e-01
7.1381e-01
8.1660e-01
8.3423e-01
8.6892e-01
5.3595e-01
9.1944e-01
8.1981e-01
7.7436e-01
9.4314e-01
9.4957e-01
7.1179e-01
5.7305e-01
6.1498e-01
5.9393e-01
6.5961e-01
8.3513e-01
6.5842e-01
6.2191e-01
7.1549e-01
5.4984e-01
9.2221e-01
5.6016e-01
9.5061e-01
6.1376e-01
9.2567e-01
8.9498e-01
8.1981e-01
8.5799e-01
5.5683e-01
2.4118e-01
8.1569e-01
8.7706e-01
7.5183e-01
5.6168e-01
5.9428e-01
8.8569e-01
5.8809e-01
8.4063e-01
6.9171e-01
8.9803e-01
8.7404e-01
9.0423e-01
7.8359e-01
7.4134e-01
9.2637e-01
9.5786e-01
7.7404e-01
9.3879e-01
6.7225e-01
9.2433e-01
7.2784e-01
9.3977e-01
7.5863e-01
8.8569e-01
8.5799e-01
6.4548e-01
8.7706e-01
6.5679e-01
9.4314e-01
8.9419e-01
5.7007e-01
7.7401e-01
7.7401e-01
7.8585e-01
7.2029e-01
7.6987e-01
6.3445e-01
7.6835e-01
7.7404e-01
5.7007e-01
9.2924e-01
9.6011e-01
6.1457e-01
9.0272e-01
5.7829e-01
9.5245e-01
7.7436e-01
6.1457e-01
9.5686e-01
7.4561e-01
5.8828e-01
7.7104e-01
5.6016e-01
9.3181e-01
8.4929e-01
5.8828e-01
9.0271e-01
8.8071e-01
8.1660e-01
9.0271e-01
8.5476e-01
8.9310e-01
8.8329e-01
7.8927e-01
7.3647e-01
3.9397e-01
9.5394e-01
7.6256e-01
6.6862e-01
6.7607e-01
7.3418e-01
8.1608e-01
7.8694e-01
9.1005e-01
9.2433e-01
8.0822e-01
7.6022e-01
7.6256e-01
7.6835e-01
8.1905e-01
8.8685e-01
5.5445e-01
9.4636e-01
7.3929e-01
4.5894e-01
8.9428e-01
9.1552e-01
7.7344e-01
8.6971e-01
7.0366e-01
6.5842e-01
8.7388e-01
9.6521e-01
6.9171e-01
9.1817e-01
6.6862e-01
7.2484e-01
8.2319e-01
8.1569e-01
8.3513e-01
6.5511e-01
9.0679e-01
4.5011e-01
9.2665e-01
9.7598e-01
9.3181e-01
6.5961e-01
8.4974e-01
7.6446e-01
5.9432e-01
8.6037e-01
7.6555e-01
7.0939e-01
9.1095e-01
8.0822e-01
5.5445e-01
6.1261e-01
7.4221e-01
9.1552e-01
6.7607e-01
7.7344e-01
6.5511e-01
6.1959e-01
5.6168e-01
9.3765e-01
8.1003e-01
8.0579e-01
3.3999e-01
5.9290e-01
9.6763e-01
9.7314e-01
9.2665e-01
6.7853e-01
5.8900e-01
6.2215e-01
4.6052e-01
6.4520e-01
5.5683e-01
4.9179e-01
6.7438e-01
5.1577e-01
3.6945e-01
6.1261e-01
8.9687e-01
7.6009e-01
8.1905e-01
8.7517e-01
8.1788e-01
7.8694e-01
2.4118e-01
8.9428e-01
9.4219e-01
7.1549e-01
8.8626e-01
7.2484e-01
7.6987e-01
5.8900e-01
7.8359e-01
6.7639e-01
4.9984e-01
8.4974e-01
9.7188e-01
7.1179e-01
6.8802e-01
9.0679e-01
7.6022e-01
8.8329e-01
9.7598e-01
7.4217e-01
9.1005e-01
4.0499e-01
6.6062e-01
7.0366e-01
8.8716e-01
8.6892e-01
6.4548e-01
7.3647e-01
9.2967e-01
6.5533e-01
7.9680e-01
5.1577e-01
9.0172e-01
6.7639e-01
9.3800e-01
7.6009e-01
9.1944e-01
7.6555e-01
8.7388e-01
7.3504e-01
9.0308e-01
4.5011e-01
9.3977e-01
9.0198e-01
5.7305e-01
7.9680e-01
7.8927e-01
8.4153e-01
9.5786e-01
7.8547e-01
8.3470e-01
8.8534e-01
8.3470e-01
8.2709e-01
9.2221e-01
5.8809e-01
9.6521e-01
8.0813e-01
5.3595e-01
8.9419e-01
8.9944e-01
4.8022e-01
7.5183e-01
8.8936e-01
9.4548e-01
9.4957e-01
3.3999e-01
9.2924e-01
6.3445e-01
6.5679e-01
8.0813e-01
9.3458e-01
9.0942e-01
8.1608e-01
8.1634e-01
8.3343e-01
6.1376e-01
8.5955e-01
7.3627e-01
7.7104e-01
7.3504e-01
7.2784e-01
8.6037e-01
8.7458e-01
7.4134e-01
6.1959e-01
5.9393e-01
5.4750e-01
9.6544e-01
9.6513e-01
8.0167e-01
7.8547e-01
9.1095e-01
8.0167e-01
6.6062e-01
6.1498e-01
7.5863e-01
6.2303e-01
8.8716e-01
9.0493e-01
7.4561e-01
9.2967e-01
6.7438e-01
5.4750e-01
3.9397e-01
7.0939e-01
7.6446e-01
9.0272e-01
8.3423e-01
4.9984e-01
8.8685e-01
9.6927e-01
6.5533e-01
8.5955e-01
9.0198e-01
9.0493e-01
8.7458e-01
9.6513e-01
8.0829e-01
6.2303e-01
5.4984e-01
6.8802e-01
9.2981e-01
9.3800e-01
4.5894e-01
7.4221e-01
6.2215e-01
7.3418e-01
8.1003e-01
9.3765e-01
9.6763e-01
9.1599e-01
9.0308e-01
8.0176e-01
9.2567e-01
8.5476e-01
7.8585e-01
5.9432e-01
8.2319e-01
8.7404e-01
6.4520e-01
9.3879e-01
9.5394e-01
7.3627e-01
9.5008e-01
9.0942e-01
8.4063e-01
7.9355e-01
8.8936e-01
8.1262e-01
8.1262e-01
8.7517e-01
9.6544e-01
