8.9538e-01
7.5012e-01
8.0799e-01
6.4074e-01
8.7269e-01
4.3173e-01
9.0809e-01
8.9827e-01
6.2720e-01
8.0453e-01
9.0130e-01
8.4075e-01
5.1290e-01
5.5322e-01
5.9916e-01
7.0192e-01
5.7193e-01
5.3866e-01
3.9905e-01
7.6342e-01
4.3149e-01
9.1910e-01
3.4111e-01
9.1984e-01
6.0752e-01
9.0207e-01
7.8068e-01
8.9827e-01
8.3954e-01
4.4186e-01
3.4875e-01
6.6435e-01
8.5011e-01
7.4563e-01
5.0394e-01
4.8087e-01
8.0815e-01
4.5717e-01
8.5068e-01
6.2003e-01
8.7665e-01
7.1861e-01
9.1002e-01
7.4891e-01
6.3066e-01
8.7356e-01
9.4085e-01
6.6386e-01
8.7755e-01
5.3190e-01
8.7795e-01
7.7374e-01
9.3498e-01
6.8705e-01
8.0815e-01
8.3954e-01
5.3464e-01
8.5011e-01
3.2627e-01
8.0453e-01
8.8699e-01
7.3642e-01
5.8573e-01
5.8573e-01
6.1133e-01
8.0331e-01
6.9663e-01
4.7402e-01
9.5541e-01
6.6386e-01
7.3642e-01
7.7915e-01
9.3570e-01
6.1388e-01
8.9188e-01
6.6846e-01
9.2803e-01
6.2720e-01
6.1388e-01
9.6974e-01
6.3744e-01
5.5705e-01
8.3743e-01
3.4111e-01
8.9086e-01
7.8459e-01
5.5705e-01
8.0670e-01
8.7657e-01
8.0799e-01
8.0670e-01
8.8401e-01
8.5271e-01
8.2823e-01
8.0272e-01
6.8687e-01
3.8586e-01
9.5064e-01
7.2512e-01
6.9470e-01
5.6727e-01
5.8256e-01
7.3364e-01
6.6619e-01
5.9929e-01
8.7795e-01
7.5281e-01
6.3602e-01
7.2512e-01
9.5541e-01
7.0919e-01
7.9345e-01
4.9303e-01
9.0627e-01
8.0257e-01
3.9624e-01
7.4834e-01
8.0659e-01
7.2951e-01
8.5030e-01
6.0848e-01
5.3866e-01
7.9259e-01
9.6757e-01
6.2003e-01
9.2939e-01
6.9470e-01
6.5831e-01
7.7625e-01
6.6435e-01
5.7193e-01
7.0539e-01
9.1541e-01
4.1771e-01
9.6661e-01
9.5770e-01
8.9086e-01
7.0192e-01
8.1873e-01
8.0276e-01
7.5479e-01
7.4994e-01
6.4690e-01
5.7400e-01
8.7823e-01
7.5281e-01
4.9303e-01
5.5046e-01
8.7131e-01
8.0659e-01
5.6727e-01
7.2951e-01
7.0539e-01
6.7964e-01
5.0394e-01
9.3472e-01
6.4012e-01
7.5071e-01
3.6778e-01
4.2477e-01
9.5202e-01
9.1494e-01
9.6661e-01
4.5420e-01
3.9688e-01
4.7652e-01
3.5815e-01
5.0811e-01
4.4186e-01
5.4751e-01
4.8774e-01
3.9120e-01
2.3231e-01
5.5046e-01
6.7310e-01
5.9112e-01
7.0919e-01
7.5240e-01
7.7892e-01
6.6619e-01
3.4875e-01
7.4834e-01
9.2180e-01
7.6342e-01
9.1438e-01
6.5831e-01
6.9663e-01
3.9688e-01
7.4891e-01
5.6719e-01
3.6635e-01
8.1873e-01
9.3697e-01
8.4075e-01
5.9723e-01
9.1541e-01
6.3602e-01
8.2823e-01
9.5770e-01
7.0091e-01
5.9929e-01
3.6500e-01
2.8843e-01
6.0848e-01
9.4565e-01
8.7269e-01
5.3464e-01
6.8687e-01
8.9937e-01
5.5647e-01
7.2698e-01
3.9120e-01
7.7902e-01
5.6719e-01
3.9346e-01
5.9112e-01
9.0809e-01
6.4690e-01
7.9259e-01
8.2283e-01
8.9579e-01
4.1771e-01
9.3498e-01
8.5086e-01
5.1290e-01
7.2698e-01
8.0272e-01
6.9568e-01
9.4085e-01
7.6074e-01
7.6823e-01
8.1586e-01
7.6823e-01
6.1395e-01
9.1910e-01
4.5717e-01
9.6757e-01
5.1993e-01
4.3173e-01
8.8699e-01
7.5168e-01
3.8684e-01
7.4563e-01
6.7891e-01
9.5012e-01
9.0130e-01
3.6778e-01
7.7915e-01
4.7402e-01
3.2627e-01
5.1993e-01
9.2532e-01
8.2617e-01
7.3364e-01
6.1769e-01
7.6690e-01
6.0752e-01
7.5651e-01
5.5420e-01
8.3743e-01
8.2283e-01
7.7374e-01
7.4994e-01
8.7962e-01
6.3066e-01
6.7964e-01
5.9916e-01
4.9357e-01
9.4126e-01
9.5081e-01
5.4932e-01
7.6074e-01
8.7823e-01
5.4932e-01
2.8843e-01
5.5322e-01
6.8705e-01
4.5852e-01
9.4565e-01
8.9628e-01
6.3744e-01
8.9937e-01
4.8774e-01
4.9357e-01
3.8586e-01
5.7400e-01
8.0276e-01
8.9188e-01
6.4074e-01
3.6635e-01
7.9345e-01
9.6644e-01
5.5647e-01
7.5651e-01
8.5086e-01
8.9628e-01
8.7962e-01
9.5081e-01
7.4174e-01
4.5852e-01
4.3149e-01
5.9723e-01
9.4639e-01
3.9346e-01
3.9624e-01
8.7131e-01
4.7652e-01
5.8256e-01
6.4012e-01
9.3472e-01
9.5202e-01
8.9538e-01
8.9579e-01
6.9479e-01
9.0207e-01
8.8401e-01
6.1133e-01
7.5479e-01
7.7625e-01
7.1861e-01
5.0811e-01
8.7755e-01
9.5064e-01
5.5420e-01
9.6018e-01
8.2617e-01
8.5068e-01
7.6405e-01
6.7891e-01
7.1472e-01
7.1472e-01
7.5240e-01
9.4126e-01
