7.5008e-01
6.4834e-01
7.4630e-01
7.3013e-01
8.4819e-01
6.5858e-01
8.4098e-01
7.2206e-01
7.2230e-01
9.1065e-01
8.8259e-01
7.3351e-01
6.1637e-01
6.4711e-01
5.5264e-01
6.0390e-01
5.6818e-01
6.4024e-01
6.4745e-01
6.5433e-01
6.6096e-01
9.0553e-01
5.8950e-01
8.2392e-01
6.9200e-01
8.5770e-01
8.2188e-01
7.2206e-01
7.5756e-01
7.2250e-01
4.0747e-01
6.1588e-01
6.7592e-01
6.6953e-01
5.9964e-01
6.6122e-01
8.4626e-01
6.1979e-01
8.6563e-01
7.1763e-01
7.6851e-01
7.3605e-01
8.5188e-01
7.0400e-01
6.3465e-01
8.9774e-01
9.5567e-01
6.7319e-01
7.8579e-01
6.6071e-01
8.0354e-01
4.4491e-01
8.6657e-01
7.5184e-01
8.4626e-01
7.5756e-01
6.7122e-01
6.7592e-01
6.5463e-01
9.1065e-01
6.6104e-01
6.4371e-01
7.0575e-01
7.0575e-01
5.6234e-01
8.3623e-01
8.5056e-01
5.6326e-01
7.1859e-01
6.7319e-01
6.4371e-01
8.4085e-01
8.8726e-01
4.7559e-01
8.5794e-01
6.6147e-01
8.7760e-01
7.2230e-01
4.7559e-01
9.5809e-01
6.2135e-01
6.3099e-01
7.9232e-01
5.8950e-01
5.7835e-01
7.7484e-01
6.3099e-01
7.4201e-01
6.9260e-01
7.4630e-01
7.4201e-01
7.1186e-01
8.4083e-01
6.9930e-01
8.8285e-01
6.7271e-01
4.8721e-01
9.2041e-01
6.2946e-01
6.6634e-01
6.4000e-01
6.1655e-01
7.7198e-01
8.4120e-01
8.1117e-01
8.0354e-01
7.2974e-01
6.6463e-01
6.2946e-01
7.1859e-01
6.5261e-01
7.5335e-01
6.4157e-01
8.7842e-01
6.9695e-01
5.5905e-01
7.9380e-01
7.8526e-01
6.9260e-01
7.2031e-01
7.8901e-01
6.4024e-01
7.2678e-01
9.4001e-01
7.1763e-01
7.8168e-01
6.6634e-01
6.0439e-01
7.3294e-01
6.1588e-01
5.6818e-01
6.8782e-01
7.0793e-01
5.7624e-01
9.6199e-01
9.2281e-01
5.7835e-01
6.0390e-01
7.7545e-01
7.5491e-01
6.1598e-01
6.3129e-01
6.7714e-01
5.2965e-01
8.4064e-01
7.2974e-01
6.4157e-01
7.4671e-01
6.1523e-01
7.8526e-01
6.4000e-01
6.9260e-01
6.8782e-01
6.7011e-01
5.9964e-01
8.2636e-01
8.0710e-01
6.5382e-01
3.2568e-01
6.0821e-01
8.7800e-01
5.0014e-01
9.6199e-01
6.5333e-01
6.7198e-01
5.6460e-01
5.9840e-01
6.5185e-01
7.2250e-01
6.3733e-01
6.1859e-01
6.2476e-01
4.7347e-01
7.4671e-01
8.7084e-01
6.8903e-01
6.5261e-01
7.4720e-01
6.9558e-01
8.4120e-01
4.0747e-01
7.9380e-01
8.7827e-01
6.5433e-01
7.3595e-01
6.0439e-01
8.5056e-01
6.7198e-01
7.0400e-01
6.8113e-01
5.6650e-01
7.7545e-01
9.3067e-01
7.3351e-01
6.7219e-01
7.0793e-01
6.6463e-01
6.9930e-01
9.2281e-01
8.1318e-01
8.1117e-01
9.3411e-01
6.0127e-01
7.8901e-01
8.6793e-01
8.4819e-01
6.7122e-01
6.7271e-01
8.0926e-01
6.2020e-01
7.0909e-01
6.2476e-01
8.4187e-01
6.8113e-01
2.7691e-01
6.8903e-01
8.4098e-01
6.7714e-01
7.2678e-01
5.2467e-01
7.5066e-01
5.7624e-01
8.6657e-01
7.9681e-01
6.1637e-01
7.0909e-01
8.8285e-01
6.5546e-01
9.5567e-01
8.3711e-01
7.7619e-01
7.9346e-01
7.7619e-01
5.8036e-01
9.0553e-01
6.1979e-01
9.4001e-01
6.4343e-01
6.5858e-01
6.6104e-01
8.6139e-01
6.1516e-01
6.6953e-01
7.1765e-01
9.2499e-01
8.8259e-01
3.2568e-01
8.4085e-01
5.6326e-01
6.5463e-01
6.4343e-01
8.2987e-01
6.4189e-01
7.7198e-01
7.5789e-01
7.1976e-01
6.9200e-01
8.6701e-01
8.1724e-01
7.9232e-01
5.2467e-01
4.4491e-01
6.3129e-01
7.6296e-01
6.3465e-01
6.7011e-01
5.5264e-01
6.2327e-01
8.9420e-01
9.7478e-01
5.7168e-01
8.3711e-01
8.4064e-01
5.7168e-01
6.0127e-01
6.4711e-01
7.5184e-01
6.5321e-01
8.6793e-01
8.7656e-01
6.2135e-01
8.0926e-01
6.1859e-01
6.2327e-01
4.8721e-01
5.2965e-01
7.5491e-01
8.5794e-01
7.3013e-01
5.6650e-01
7.5335e-01
9.2773e-01
6.2020e-01
8.6701e-01
7.9681e-01
8.7656e-01
7.6296e-01
9.7478e-01
5.5716e-01
6.5321e-01
6.6096e-01
6.7219e-01
8.3623e-01
2.7691e-01
5.5905e-01
6.1523e-01
5.6460e-01
6.1655e-01
8.0710e-01
8.2636e-01
8.7800e-01
7.5008e-01
7.5066e-01
7.4125e-01
8.5770e-01
7.1186e-01
5.6234e-01
6.1598e-01
7.3294e-01
7.3605e-01
6.5185e-01
7.8579e-01
9.2041e-01
8.1724e-01
8.9575e-01
6.4189e-01
8.6563e-01
7.3926e-01
7.1765e-01
8.0591e-01
8.0591e-01
7.4720e-01
8.9420e-01
