8.9119e-01
5.3831e-01
7.8116e-01
6.7264e-01
8.4943e-01
5.7256e-01
8.6206e-01
8.5328e-01
7.4746e-01
8.6415e-01
9.5303e-01
6.9461e-01
5.1057e-01
5.6917e-01
5.7082e-01
6.2037e-01
7.1728e-01
5.5927e-01
5.7026e-01
5.9976e-01
5.5518e-01
9.5046e-01
5.2294e-01
9.4101e-01
5.7827e-01
5.9424e-01
9.7003e-01
8.5328e-01
8.7471e-01
5.6223e-01
5.2444e-01
6.6298e-01
6.6069e-01
7.9428e-01
7.1013e-01
5.3543e-01
7.5375e-01
4.6738e-01
8.9324e-01
6.0065e-01
8.4023e-01
7.6336e-01
9.5220e-01
6.9109e-01
6.7093e-01
8.9806e-01
9.8347e-01
6.0610e-01
7.0692e-01
5.8691e-01
9.0639e-01
5.0077e-01
9.2732e-01
7.1083e-01
7.5375e-01
8.7471e-01
5.3877e-01
6.6069e-01
4.7315e-01
8.6415e-01
7.5963e-01
6.8335e-01
7.8046e-01
7.8046e-01
6.0115e-01
6.0894e-01
7.9689e-01
4.9666e-01
9.2989e-01
6.0610e-01
6.8335e-01
7.8547e-01
9.4197e-01
4.1599e-01
8.5624e-01
6.2290e-01
9.5402e-01
7.4746e-01
4.1599e-01
9.7991e-01
6.8269e-01
5.6434e-01
6.2045e-01
5.2294e-01
4.6582e-01
8.0995e-01
5.6434e-01
8.8101e-01
9.6796e-01
7.8116e-01
8.8101e-01
9.1806e-01
9.6440e-01
6.7607e-01
9.7949e-01
7.1834e-01
3.8964e-01
9.8861e-01
6.1314e-01
8.4890e-01
5.6817e-01
6.5210e-01
7.4428e-01
9.0052e-01
8.6614e-01
9.0639e-01
8.4590e-01
7.7015e-01
6.1314e-01
9.2989e-01
7.1858e-01
8.1526e-01
4.4834e-01
9.4606e-01
7.4192e-01
4.2916e-01
7.7221e-01
8.3513e-01
6.5926e-01
8.0125e-01
7.8796e-01
5.5927e-01
8.6407e-01
1.0003e+00
6.0065e-01
8.0239e-01
8.4890e-01
6.2749e-01
6.6832e-01
6.6298e-01
7.1728e-01
7.8093e-01
8.7866e-01
5.9672e-01
9.9503e-01
1.0024e+00
4.6582e-01
6.2037e-01
8.2034e-01
6.5629e-01
3.7284e-01
7.0059e-01
6.4323e-01
6.3130e-01
9.1152e-01
8.4590e-01
4.4834e-01
6.5161e-01
8.0647e-01
8.3513e-01
5.6817e-01
6.5926e-01
7.8093e-01
4.3942e-01
7.1013e-01
8.2498e-01
9.1476e-01
6.4581e-01
3.4328e-01
5.0462e-01
9.9244e-01
7.9548e-01
9.9503e-01
6.3833e-01
5.6099e-01
5.5714e-01
4.5600e-01
6.1905e-01
5.6223e-01
5.2367e-01
5.2649e-01
4.6101e-01
2.3838e-01
6.5161e-01
7.1954e-01
4.4826e-01
7.1858e-01
8.2122e-01
7.0189e-01
9.0052e-01
5.2444e-01
7.7221e-01
9.7434e-01
5.9976e-01
9.5324e-01
6.2749e-01
7.9689e-01
5.6099e-01
6.9109e-01
6.3613e-01
5.2800e-01
8.2034e-01
9.8800e-01
6.9461e-01
5.2357e-01
8.7866e-01
7.7015e-01
6.7607e-01
1.0024e+00
5.9932e-01
8.6614e-01
5.2939e-01
7.8807e-01
7.8796e-01
9.4493e-01
8.4943e-01
5.3877e-01
7.1834e-01
9.0778e-01
5.5958e-01
7.7074e-01
4.6101e-01
9.2976e-01
6.3613e-01
2.8893e-01
4.4826e-01
8.6206e-01
6.4323e-01
8.6407e-01
8.2694e-01
8.9587e-01
5.9672e-01
9.2732e-01
8.4987e-01
5.1057e-01
7.7074e-01
9.7949e-01
7.1400e-01
9.8347e-01
7.3109e-01
7.7335e-01
8.7762e-01
7.7335e-01
6.0294e-01
9.5046e-01
4.6738e-01
1.0003e+00
5.7083e-01
5.7256e-01
7.5963e-01
8.7111e-01
5.2480e-01
7.9428e-01
6.5618e-01
9.6251e-01
9.5303e-01
3.4328e-01
7.8547e-01
4.9666e-01
4.7315e-01
5.7083e-01
8.9119e-01
7.9585e-01
7.4428e-01
7.6758e-01
7.7590e-01
5.7827e-01
9.1346e-01
7.8691e-01
6.2045e-01
8.2694e-01
5.0077e-01
7.0059e-01
7.5409e-01
6.7093e-01
4.3942e-01
5.7082e-01
5.4109e-01
9.5564e-01
9.9421e-01
6.5189e-01
7.3109e-01
9.1152e-01
6.5189e-01
7.8807e-01
5.6917e-01
7.1083e-01
5.6037e-01
9.4493e-01
7.1226e-01
6.8269e-01
9.0778e-01
5.2649e-01
5.4109e-01
3.8964e-01
6.3130e-01
6.5629e-01
8.5624e-01
6.7264e-01
5.2800e-01
8.1526e-01
9.7747e-01
5.5958e-01
9.1346e-01
8.4987e-01
7.1226e-01
7.5409e-01
9.9421e-01
4.7176e-01
5.6037e-01
5.5518e-01
5.2357e-01
9.5039e-01
2.8893e-01
4.2916e-01
8.0647e-01
5.5714e-01
6.5210e-01
9.1476e-01
8.2498e-01
9.9244e-01
8.9119e-01
8.9587e-01
7.5926e-01
5.9424e-01
9.1806e-01
6.0115e-01
3.7284e-01
6.6832e-01
7.6336e-01
6.1905e-01
7.0692e-01
9.8861e-01
7.8691e-01
9.4298e-01
7.9585e-01
8.9324e-01
7.9282e-01
6.5618e-01
6.2048e-01
6.2048e-01
8.2122e-01
9.5564e-01
