9.3637e-01
7.3442e-01
7.4816e-01
6.0681e-01
8.8535e-01
7.3641e-01
7.3164e-01
7.3678e-01
7.3578e-01
7.3375e-01
7.3681e-01
6.0299e-01
6.0568e-01
7.3445e-01
7.1484e-01
7.3433e-01
7.3678e-01
7.3458e-01
6.0542e-01
7.3397e-01
7.2735e-01
7.3677e-01
7.3583e-01
7.3677e-01
6.0321e-01
6.0299e-01
7.1064e-01
7.3678e-01
9.3719e-01
6.0551e-01
6.0299e-01
7.3646e-01
9.3719e-01
7.1141e-01
7.3678e-01
7.3435e-01
7.3678e-01
6.0543e-01
7.3884e-01
7.3538e-01
7.3522e-01
7.3661e-01
7.3485e-01
7.3688e-01
7.3358e-01
9.3719e-01
7.3678e-01
7.3293e-01
7.3255e-01
7.2205e-01
7.3678e-01
7.3281e-01
7.3677e-01
7.3193e-01
7.3678e-01
9.3719e-01
7.3442e-01
9.3719e-01
7.3665e-01
7.3375e-01
7.3679e-01
7.4126e-01
7.3678e-01
7.3678e-01
7.3678e-01
7.3680e-01
6.0299e-01
6.0552e-01
9.3719e-01
7.3293e-01
7.4126e-01
7.2044e-01
7.3678e-01
7.3593e-01
7.3682e-01
6.0544e-01
7.3675e-01
7.3578e-01
7.3593e-01
9.3172e-01
7.3678e-01
7.3561e-01
7.3351e-01
7.3583e-01
9.3719e-01
9.3640e-01
7.3561e-01
9.3640e-01
7.3571e-01
7.4816e-01
9.3640e-01
7.3678e-01
7.3469e-01
9.3639e-01
6.0299e-01
7.3485e-01
6.0533e-01
9.3700e-01
7.3672e-01
6.0301e-01
6.0544e-01
7.3684e-01
7.3678e-01
7.3678e-01
7.3678e-01
7.3678e-01
9.3648e-01
7.3678e-01
7.3672e-01
9.3719e-01
6.0646e-01
7.3416e-01
7.3633e-01
7.3550e-01
7.1671e-01
7.3440e-01
9.2414e-01
7.3159e-01
7.3419e-01
7.3523e-01
7.3680e-01
7.3458e-01
9.3641e-01
7.3678e-01
7.3538e-01
7.3678e-01
6.0301e-01
7.3678e-01
7.1696e-01
7.3646e-01
7.3678e-01
7.3637e-01
7.3678e-01
6.0544e-01
6.7016e-01
9.3719e-01
9.3719e-01
7.3433e-01
7.3485e-01
6.0299e-01
7.5574e-01
7.3454e-01
7.3579e-01
7.2965e-01
9.3717e-01
9.3648e-01
7.3633e-01
7.3650e-01
7.3680e-01
7.3159e-01
6.0544e-01
7.3419e-01
7.3637e-01
7.3610e-01
7.3678e-01
8.8564e-01
7.3452e-01
7.4318e-01
7.3669e-01
6.0548e-01
7.3678e-01
7.3685e-01
6.7016e-01
6.0300e-01
7.3441e-01
6.0304e-01
6.0544e-01
6.0621e-01
6.0551e-01
7.3676e-01
7.1233e-01
6.0299e-01
6.0331e-01
7.3650e-01
7.3332e-01
9.3637e-01
6.0646e-01
7.3678e-01
7.1602e-01
7.3678e-01
6.0299e-01
9.2414e-01
7.3536e-01
7.3397e-01
9.3465e-01
7.3678e-01
6.0299e-01
7.3441e-01
7.3688e-01
7.0996e-01
6.0563e-01
7.3485e-01
7.3603e-01
6.0299e-01
7.3493e-01
7.3678e-01
7.3678e-01
9.3639e-01
9.3719e-01
7.3678e-01
7.3678e-01
7.3678e-01
8.2073e-01
7.3680e-01
6.0299e-01
8.8535e-01
7.3442e-01
7.3485e-01
6.9974e-01
6.0826e-01
7.1974e-01
6.0299e-01
6.0528e-01
7.0996e-01
9.3641e-01
9.3637e-01
7.3164e-01
7.3579e-01
9.3641e-01
7.3629e-01
7.3427e-01
6.0544e-01
7.3677e-01
9.3719e-01
6.0568e-01
7.1974e-01
6.0299e-01
9.3640e-01
7.3678e-01
7.3433e-01
7.3680e-01
7.3529e-01
7.3680e-01
7.3678e-01
7.3677e-01
6.0543e-01
7.3678e-01
6.0656e-01
7.3641e-01
7.3679e-01
8.8609e-01
7.2084e-01
7.1141e-01
7.3678e-01
7.3678e-01
7.3681e-01
7.3669e-01
7.2044e-01
6.0552e-01
7.3665e-01
6.0656e-01
7.3876e-01
6.0311e-01
7.3678e-01
7.3679e-01
7.3678e-01
6.0321e-01
7.3682e-01
7.3678e-01
7.3351e-01
7.3629e-01
7.3281e-01
7.3454e-01
7.3678e-01
7.3358e-01
7.3610e-01
7.1484e-01
7.3322e-01
6.0299e-01
9.3612e-01
7.3337e-01
7.3433e-01
9.3717e-01
7.3337e-01
8.2073e-01
7.3445e-01
7.3193e-01
7.3441e-01
6.0299e-01
7.3610e-01
7.3678e-01
6.9974e-01
7.1233e-01
7.3322e-01
6.0533e-01
7.2965e-01
6.0299e-01
7.3682e-01
6.0681e-01
6.0563e-01
7.3416e-01
6.0299e-01
6.0826e-01
7.3682e-01
9.3719e-01
7.3610e-01
7.3678e-01
9.3612e-01
9.1343e-01
7.3441e-01
7.2735e-01
7.3493e-01
9.3718e-01
9.3641e-01
7.3440e-01
7.3680e-01
6.0304e-01
7.3684e-01
7.3452e-01
8.8564e-01
7.3678e-01
9.3637e-01
7.3427e-01
7.3564e-01
6.0299e-01
7.3678e-01
7.3678e-01
7.5574e-01
7.1696e-01
7.3661e-01
6.0621e-01
7.3255e-01
9.3700e-01
7.3678e-01
7.6091e-01
6.0311e-01
7.3884e-01
7.3678e-01
7.3678e-01
7.3678e-01
7.3678e-01
7.3678e-01
6.0299e-01
