8.6993e-01
6.5315e-01
8.1930e-01
6.7075e-01
9.5042e-01
4.5938e-01
7.2490e-01
8.0293e-01
5.2015e-01
8.9147e-01
9.1170e-01
8.7226e-01
3.0664e-01
4.3489e-01
5.1248e-01
6.3247e-01
6.2176e-01
5.0366e-01
4.0713e-01
6.5407e-01
5.2671e-01
9.1954e-01
3.1050e-01
9.1682e-01
5.5667e-01
3.6642e-01
8.6032e-01
8.0293e-01
8.9536e-01
4.9327e-01
7.9980e-02
6.7027e-01
8.3268e-01
8.3313e-01
4.3934e-01
7.9441e-01
8.2807e-01
4.0868e-01
7.2516e-01
6.3956e-01
8.0872e-01
8.7845e-01
9.0781e-01
6.2290e-01
6.8992e-01
9.6701e-01
8.1773e-01
5.9540e-01
9.0181e-01
5.3617e-01
6.8403e-01
5.1913e-01
9.3407e-01
5.8697e-01
8.2807e-01
8.9536e-01
5.9599e-01
8.3268e-01
3.2214e-01
8.9147e-01
6.6228e-01
5.6720e-01
6.2638e-01
6.2638e-01
5.4853e-01
7.0420e-01
8.3634e-01
4.5702e-01
8.7250e-01
5.9540e-01
5.6720e-01
8.6319e-01
9.5271e-01
5.9010e-01
8.7304e-01
5.5998e-01
9.4561e-01
5.2015e-01
5.9010e-01
9.6854e-01
6.7832e-01
6.1159e-01
7.3340e-01
3.1050e-01
7.8699e-01
8.4695e-01
6.1159e-01
8.6405e-01
8.6560e-01
8.1930e-01
8.6405e-01
8.9567e-01
9.1555e-01
8.0478e-01
8.2282e-01
7.3108e-01
2.2820e-01
9.6284e-01
6.2343e-01
7.8944e-01
5.7112e-01
5.9377e-01
6.7315e-01
7.4958e-01
8.0477e-01
6.8403e-01
7.8880e-01
6.9922e-01
6.2343e-01
8.7250e-01
6.0736e-01
7.6699e-01
5.7718e-01
9.3147e-01
6.4310e-01
3.9166e-01
8.0788e-01
7.7526e-01
6.8258e-01
8.5097e-01
6.5869e-01
5.0366e-01
8.0889e-01
9.6742e-01
6.3956e-01
7.8856e-01
7.8944e-01
6.5168e-01
6.7601e-01
6.7027e-01
6.2176e-01
7.2152e-01
7.9618e-01
3.5760e-01
9.6974e-01
9.7296e-01
7.8699e-01
6.3247e-01
8.1726e-01
7.1241e-01
3.2732e-01
5.4433e-01
6.2457e-01
5.0974e-01
9.4310e-01
7.8880e-01
5.7718e-01
4.5664e-01
8.9170e-01
7.7526e-01
5.7112e-01
6.8258e-01
7.2152e-01
5.8328e-01
4.3934e-01
9.2340e-01
7.0176e-01
6.8897e-01
2.8490e-01
6.2690e-01
9.1549e-01
9.7473e-01
9.6974e-01
4.5566e-01
4.2114e-01
5.3737e-01
4.7886e-01
5.5903e-01
4.9327e-01
7.2895e-01
4.9614e-01
3.6163e-01
1.3473e-01
4.5664e-01
7.5403e-01
7.6921e-01
6.0736e-01
8.3887e-01
7.3642e-01
7.4958e-01
7.9980e-02
8.0788e-01
9.1026e-01
6.5407e-01
8.9125e-01
6.5168e-01
8.3634e-01
4.2114e-01
6.2290e-01
5.3288e-01
3.9489e-01
8.1726e-01
9.1746e-01
8.7226e-01
5.0415e-01
7.9618e-01
6.9922e-01
8.0478e-01
9.7296e-01
5.9626e-01
8.0477e-01
3.3707e-01
5.5040e-01
6.5869e-01
9.0916e-01
9.5042e-01
5.9599e-01
7.3108e-01
8.1610e-01
4.8097e-01
6.6465e-01
3.6163e-01
7.6758e-01
5.3288e-01
9.3832e-01
7.6921e-01
7.2490e-01
6.2457e-01
8.0889e-01
5.6890e-01
9.0234e-01
3.5760e-01
9.3407e-01
7.8061e-01
3.0664e-01
6.6465e-01
8.2282e-01
7.9064e-01
8.1773e-01
8.0002e-01
7.8544e-01
8.1932e-01
7.8544e-01
5.5675e-01
9.1954e-01
4.0868e-01
9.6742e-01
6.1306e-01
4.5938e-01
6.6228e-01
8.7081e-01
4.0379e-01
8.3313e-01
6.5219e-01
9.5394e-01
9.1170e-01
2.8490e-01
8.6319e-01
4.5702e-01
3.2214e-01
6.1306e-01
9.0835e-01
7.9979e-01
6.7315e-01
6.7580e-01
7.8703e-01
5.5667e-01
7.7389e-01
5.5989e-01
7.3340e-01
5.6890e-01
5.1913e-01
5.4433e-01
8.0191e-01
6.8992e-01
5.8328e-01
5.1248e-01
4.8621e-01
9.1870e-01
9.5535e-01
7.2270e-01
8.0002e-01
9.4310e-01
7.2270e-01
5.5040e-01
4.3489e-01
5.8697e-01
4.9443e-01
9.0916e-01
8.4175e-01
6.7832e-01
8.1610e-01
4.9614e-01
4.8621e-01
2.2820e-01
5.0974e-01
7.1241e-01
8.7304e-01
6.7075e-01
3.9489e-01
7.6699e-01
9.6442e-01
4.8097e-01
7.7389e-01
7.8061e-01
8.4175e-01
8.0191e-01
9.5535e-01
7.0986e-01
4.9443e-01
5.2671e-01
5.0415e-01
9.3757e-01
9.3832e-01
3.9166e-01
8.9170e-01
5.3737e-01
5.9377e-01
7.0176e-01
9.2340e-01
9.1549e-01
8.6993e-01
9.0234e-01
6.8368e-01
3.6642e-01
8.9567e-01
5.4853e-01
3.2732e-01
6.7601e-01
8.7845e-01
5.5903e-01
9.0181e-01
9.6284e-01
5.5989e-01
8.4150e-01
7.9979e-01
7.2516e-01
7.9875e-01
6.5219e-01
7.1667e-01
7.1667e-01
8.3887e-01
9.1870e-01
