1.0169e+00
7.7906e-01
9.9412e-01
9.3822e-01
9.8132e-01
7.4276e-01
9.5742e-01
9.2478e-01
8.2645e-01
9.6449e-01
9.8636e-01
9.0378e-01
6.4440e-01
7.5402e-01
6.5210e-01
6.5640e-01
7.0659e-01
8.3444e-01
5.6902e-01
6.9369e-01
7.3890e-01
1.0418e+00
7.1798e-01
1.0068e+00
9.0386e-01
1.0063e+00
8.7592e-01
9.2478e-01
1.0172e+00
7.0225e-01
5.8716e-01
7.8270e-01
9.9691e-01
9.5293e-01
8.1446e-01
7.1698e-01
9.2234e-01
6.6076e-01
9.7681e-01
7.0504e-01
9.4102e-01
7.8932e-01
9.5929e-01
8.4449e-01
8.3387e-01
9.5062e-01
1.0338e+00
7.4220e-01
8.0404e-01
7.5002e-01
8.0071e-01
6.9823e-01
9.6627e-01
7.3911e-01
9.2234e-01
1.0172e+00
6.7136e-01
9.9691e-01
6.7280e-01
9.6449e-01
9.8226e-01
9.1008e-01
8.5016e-01
8.5016e-01
7.5889e-01
9.5016e-01
9.9976e-01
6.2624e-01
9.9901e-01
7.4220e-01
9.1008e-01
1.0220e+00
9.7844e-01
7.0583e-01
9.1804e-01
6.0095e-01
9.9314e-01
8.2645e-01
7.0583e-01
1.0484e+00
7.2505e-01
7.2714e-01
7.3225e-01
7.1798e-01
8.4691e-01
1.0150e+00
7.2714e-01
1.0177e+00
9.5735e-01
9.9412e-01
1.0177e+00
1.0289e+00
9.5398e-01
8.9760e-01
9.8054e-01
8.0102e-01
6.0835e-01
1.0281e+00
8.0231e-01
7.9166e-01
6.9086e-01
7.3484e-01
9.0043e-01
9.7203e-01
9.1244e-01
8.0071e-01
9.4011e-01
8.1665e-01
8.0231e-01
9.9901e-01
9.1962e-01
8.6637e-01
6.6349e-01
9.7446e-01
9.5626e-01
6.2792e-01
9.6180e-01
6.6391e-01
8.8757e-01
9.6528e-01
8.5267e-01
8.3444e-01
9.5204e-01
9.7737e-01
7.0504e-01
8.9247e-01
7.9166e-01
8.4201e-01
7.1256e-01
7.8270e-01
7.0659e-01
8.4666e-01
9.5122e-01
5.2907e-01
1.0460e+00
1.0103e+00
8.4691e-01
6.5640e-01
9.3408e-01
1.0037e+00
9.6531e-01
9.6641e-01
8.3280e-01
7.6501e-01
1.0324e+00
9.4011e-01
6.6349e-01
7.6632e-01
8.6128e-01
6.6391e-01
6.9086e-01
8.8757e-01
8.4666e-01
7.5954e-01
8.1446e-01
8.0952e-01
8.4590e-01
7.4242e-01
4.0599e-01
6.7313e-01
1.0243e+00
1.0392e+00
1.0460e+00
6.7166e-01
7.2105e-01
5.8807e-01
6.2862e-01
7.8734e-01
7.0225e-01
7.4359e-01
7.3156e-01
6.1900e-01
5.4789e-01
7.6632e-01
9.1291e-01
7.0678e-01
9.1962e-01
9.2488e-01
8.5073e-01
9.7203e-01
5.8716e-01
9.6180e-01
1.0027e+00
6.9369e-01
1.0213e+00
8.4201e-01
9.9976e-01
7.2105e-01
8.4449e-01
8.9630e-01
6.3079e-01
9.3408e-01
1.0428e+00
9.0378e-01
6.4131e-01
9.5122e-01
8.1665e-01
8.9760e-01
1.0103e+00
8.8480e-01
9.1244e-01
1.0219e+00
7.3717e-01
8.5267e-01
1.0029e+00
9.8132e-01
6.7136e-01
8.0102e-01
9.0620e-01
7.5686e-01
7.1316e-01
6.1900e-01
8.5815e-01
8.9630e-01
1.0163e+00
7.0678e-01
9.5742e-01
8.3280e-01
9.5204e-01
8.4270e-01
8.8198e-01
5.2907e-01
9.6627e-01
1.0195e+00
6.4440e-01
7.1316e-01
9.8054e-01
9.4702e-01
1.0338e+00
9.4280e-01
7.5651e-01
8.8721e-01
7.5651e-01
9.3142e-01
1.0418e+00
6.6076e-01
9.7737e-01
7.2688e-01
7.4276e-01
9.8226e-01
8.2190e-01
6.8439e-01
9.5293e-01
6.9880e-01
9.9444e-01
9.8636e-01
4.0599e-01
1.0220e+00
6.2624e-01
6.7280e-01
7.2688e-01
1.0042e+00
9.8796e-01
9.0043e-01
7.2776e-01
9.3400e-01
9.0386e-01
9.9231e-01
8.7946e-01
7.3225e-01
8.4270e-01
6.9823e-01
9.6641e-01
9.2981e-01
8.3387e-01
7.5954e-01
6.5210e-01
7.1308e-01
1.0486e+00
1.0460e+00
8.5317e-01
9.4280e-01
1.0324e+00
8.5317e-01
7.3717e-01
7.5402e-01
7.3911e-01
7.4058e-01
1.0029e+00
9.9504e-01
7.2505e-01
9.0620e-01
7.3156e-01
7.1308e-01
6.0835e-01
7.6501e-01
1.0037e+00
9.1804e-01
9.3822e-01
6.3079e-01
8.6637e-01
9.8994e-01
7.5686e-01
9.9231e-01
1.0195e+00
9.9504e-01
9.2981e-01
1.0460e+00
7.7961e-01
7.4058e-01
7.3890e-01
6.4131e-01
9.8427e-01
1.0163e+00
6.2792e-01
8.6128e-01
5.8807e-01
7.3484e-01
8.4590e-01
8.0952e-01
1.0243e+00
1.0169e+00
8.8198e-01
7.0383e-01
1.0063e+00
1.0289e+00
7.5889e-01
9.6531e-01
7.1256e-01
7.8932e-01
7.8734e-01
8.0404e-01
1.0281e+00
8.7946e-01
9.8535e-01
9.8796e-01
9.7681e-01
9.0541e-01
6.9880e-01
8.6313e-01
8.6313e-01
9.2488e-01
1.0486e+00
