7.1367e-01
4.8109e-01
7.1435e-01
6.2466e-01
6.6473e-01
5.0179e-01
8.5154e-01
7.1475e-01
5.3220e-01
8.1742e-01
8.2142e-01
7.5091e-01
4.7361e-01
4.7006e-01
5.4131e-01
4.6500e-01
6.2047e-01
4.9520e-01
5.2225e-01
5.7707e-01
5.0376e-01
8.7320e-01
4.2921e-01
9.4381e-01
5.2114e-01
8.1306e-01
7.7012e-01
7.1475e-01
7.3243e-01
4.6769e-01
3.7406e-01
4.5232e-01
6.9453e-01
5.5549e-01
5.2782e-01
4.7213e-01
5.8347e-01
4.2116e-01
6.8830e-01
4.4473e-01
8.3229e-01
5.1707e-01
8.6001e-01
5.6786e-01
4.8554e-01
7.9850e-01
9.1879e-01
5.6119e-01
7.0681e-01
4.6669e-01
7.4140e-01
5.6928e-01
8.3656e-01
5.7173e-01
5.8347e-01
7.3243e-01
4.8265e-01
6.9453e-01
5.2706e-01
8.1742e-01
6.0905e-01
5.1208e-01
7.4099e-01
7.4099e-01
5.3514e-01
6.6449e-01
4.0758e-01
3.9992e-01
7.9612e-01
5.6119e-01
5.1208e-01
8.1811e-01
8.3842e-01
4.3226e-01
8.4248e-01
4.3499e-01
9.2551e-01
5.3220e-01
4.3226e-01
9.8778e-01
4.9938e-01
4.1420e-01
5.2900e-01
4.2921e-01
5.7296e-01
6.6481e-01
4.1420e-01
8.5485e-01
7.7944e-01
7.1435e-01
8.5485e-01
7.2310e-01
5.4797e-01
6.6142e-01
9.1902e-01
5.0768e-01
3.3654e-01
9.4096e-01
5.7311e-01
4.7710e-01
4.7083e-01
5.4480e-01
6.7139e-01
8.5890e-01
6.8723e-01
7.4140e-01
6.4871e-01
6.5118e-01
5.7311e-01
7.9612e-01
4.8474e-01
5.4779e-01
4.0542e-01
9.3271e-01
5.3642e-01
4.1655e-01
5.4338e-01
7.3808e-01
4.9429e-01
7.3903e-01
6.6447e-01
4.9520e-01
6.8401e-01
9.3293e-01
4.4473e-01
6.0381e-01
4.7710e-01
4.9722e-01
6.0558e-01
4.5232e-01
6.2047e-01
6.2953e-01
8.0446e-01
3.7064e-01
1.0020e+00
8.9557e-01
5.7296e-01
4.6500e-01
7.3740e-01
6.9554e-01
7.4480e-01
5.8574e-01
6.3615e-01
4.2713e-01
8.4657e-01
6.4871e-01
4.0542e-01
4.4121e-01
4.1248e-01
7.3808e-01
4.7083e-01
4.9429e-01
6.2953e-01
5.5309e-01
5.2782e-01
7.3690e-01
6.2410e-01
4.8780e-01
3.1967e-01
4.6260e-01
9.4001e-01
9.3366e-01
1.0020e+00
4.7605e-01
5.0067e-01
4.3202e-01
4.1913e-01
4.5241e-01
4.6769e-01
4.6114e-01
4.2432e-01
4.0109e-01
3.3837e-01
4.4121e-01
7.5818e-01
5.4060e-01
4.8474e-01
8.5822e-01
6.6640e-01
8.5890e-01
3.7406e-01
5.4338e-01
8.5203e-01
5.7707e-01
7.6535e-01
4.9722e-01
4.0758e-01
5.0067e-01
5.6786e-01
3.8357e-01
4.1026e-01
7.3740e-01
9.3929e-01
7.5091e-01
5.0049e-01
8.0446e-01
6.5118e-01
6.6142e-01
8.9557e-01
4.8202e-01
6.8723e-01
6.7214e-01
6.7063e-01
6.6447e-01
7.5520e-01
6.6473e-01
4.8265e-01
5.0768e-01
5.6607e-01
4.7173e-01
4.4130e-01
4.0109e-01
7.1905e-01
3.8357e-01
6.7694e-01
5.4060e-01
8.5154e-01
6.3615e-01
6.8401e-01
4.3222e-01
6.8875e-01
3.7064e-01
8.3656e-01
8.3899e-01
4.7361e-01
4.4130e-01
9.1902e-01
6.0707e-01
9.1879e-01
7.3158e-01
8.2229e-01
6.6825e-01
8.2229e-01
5.0400e-01
8.7320e-01
4.2116e-01
9.3293e-01
4.9469e-01
5.0179e-01
6.0905e-01
7.6836e-01
3.8483e-01
5.5549e-01
5.6153e-01
9.2076e-01
8.2142e-01
3.1967e-01
8.1811e-01
3.9992e-01
5.2706e-01
4.9469e-01
8.6196e-01
5.4053e-01
6.7139e-01
4.5559e-01
5.5448e-01
5.2114e-01
8.1257e-01
6.7857e-01
5.2900e-01
4.3222e-01
5.6928e-01
5.8574e-01
6.2362e-01
4.8554e-01
5.5309e-01
5.4131e-01
4.6084e-01
7.9862e-01
9.9686e-01
6.0849e-01
7.3158e-01
8.4657e-01
6.0849e-01
6.7063e-01
4.7006e-01
5.7173e-01
4.8048e-01
7.5520e-01
6.1643e-01
4.9938e-01
5.6607e-01
4.2432e-01
4.6084e-01
3.3654e-01
4.2713e-01
6.9554e-01
8.4248e-01
6.2466e-01
4.1026e-01
5.4779e-01
9.5564e-01
4.7173e-01
8.1257e-01
8.3899e-01
6.1643e-01
6.2362e-01
9.9686e-01
5.4677e-01
4.8048e-01
5.0376e-01
5.0049e-01
8.3604e-01
6.7694e-01
4.1655e-01
4.1248e-01
4.3202e-01
5.4480e-01
6.2410e-01
7.3690e-01
9.4001e-01
7.1367e-01
6.8875e-01
6.8904e-01
8.1306e-01
7.2310e-01
5.3514e-01
7.4480e-01
6.0558e-01
5.1707e-01
4.5241e-01
7.0681e-01
9.4096e-01
6.7857e-01
8.1283e-01
5.4053e-01
6.8830e-01
6.1062e-01
5.6153e-01
5.4697e-01
5.4697e-01
8.5822e-01
7.9862e-01
