8.4253e-01
6.5311e-01
8.4927e-01
7.2357e-01
8.1691e-01
5.7181e-01
9.2040e-01
8.2066e-01
6.9040e-01
8.7810e-01
9.6749e-01
3.8711e-01
5.3035e-01
6.2072e-01
5.7944e-01
4.8277e-01
6.0667e-01
5.7528e-01
4.3368e-01
5.2917e-01
5.2153e-01
9.8308e-01
5.2506e-01
1.0048e+00
6.7526e-01
8.8227e-01
8.1773e-01
8.2066e-01
8.6441e-01
6.3021e-01
3.6626e-01
5.9259e-01
6.0777e-01
7.5644e-01
6.4402e-01
5.5771e-01
7.2082e-01
4.8912e-01
7.6876e-01
5.4238e-01
7.7780e-01
6.0205e-01
9.8065e-01
8.4642e-01
5.7893e-01
9.4484e-01
1.0233e+00
6.5349e-01
9.2551e-01
5.1061e-01
9.4951e-01
7.2209e-01
9.9737e-01
6.3778e-01
7.2082e-01
8.6441e-01
4.6827e-01
6.0777e-01
4.8866e-01
8.7810e-01
6.7459e-01
6.5607e-01
5.7925e-01
5.7925e-01
6.3526e-01
7.4607e-01
7.3317e-01
4.5899e-01
8.6519e-01
6.5349e-01
6.5607e-01
8.8438e-01
9.8262e-01
5.2234e-01
8.5943e-01
5.7351e-01
1.0010e+00
6.9040e-01
5.2234e-01
9.9064e-01
5.3864e-01
5.5534e-01
6.1260e-01
5.2506e-01
7.1638e-01
6.7518e-01
5.5534e-01
9.3876e-01
6.8749e-01
8.4927e-01
9.3876e-01
8.2233e-01
7.8033e-01
7.5443e-01
9.6422e-01
6.6267e-01
4.0396e-01
1.0209e+00
6.2973e-01
6.4862e-01
5.3663e-01
6.5130e-01
7.5345e-01
8.5630e-01
7.9437e-01
9.4951e-01
8.3348e-01
7.7047e-01
6.2973e-01
8.6519e-01
6.9379e-01
7.1756e-01
6.1753e-01
9.9884e-01
6.0393e-01
4.2185e-01
7.8178e-01
6.8284e-01
7.3259e-01
8.5675e-01
7.2473e-01
5.7528e-01
9.6329e-01
1.0069e+00
5.4238e-01
8.0252e-01
6.4862e-01
6.5785e-01
5.7456e-01
5.9259e-01
6.0667e-01
5.5560e-01
8.4505e-01
4.9423e-01
1.0348e+00
9.8452e-01
7.1638e-01
4.8277e-01
8.9728e-01
8.7949e-01
4.9733e-01
6.4751e-01
8.0118e-01
4.7557e-01
8.9401e-01
8.3348e-01
6.1753e-01
6.1421e-01
6.6683e-01
6.8284e-01
5.3663e-01
7.3259e-01
5.5560e-01
5.5419e-01
6.4402e-01
8.4104e-01
7.9415e-01
6.6123e-01
3.8631e-01
4.9128e-01
9.8619e-01
1.0102e+00
1.0348e+00
5.9995e-01
5.7536e-01
4.5404e-01
5.4156e-01
5.4017e-01
6.3021e-01
6.4938e-01
5.4123e-01
4.3854e-01
4.4448e-01
6.1421e-01
9.2476e-01
6.9904e-01
6.9379e-01
9.8933e-01
6.3087e-01
8.5630e-01
3.6626e-01
7.8178e-01
9.6574e-01
5.2917e-01
8.7166e-01
6.5785e-01
7.3317e-01
5.7536e-01
8.4642e-01
5.4953e-01
4.5466e-01
8.9728e-01
9.0782e-01
3.8711e-01
4.5229e-01
8.4505e-01
7.7047e-01
7.5443e-01
9.8452e-01
6.8155e-01
7.9437e-01
6.8911e-01
8.6571e-01
7.2473e-01
9.9788e-01
8.1691e-01
4.6827e-01
6.6267e-01
8.7064e-01
5.7370e-01
4.8137e-01
4.3854e-01
7.1702e-01
5.4953e-01
1.0069e+00
6.9904e-01
9.2040e-01
8.0118e-01
9.6329e-01
8.5648e-01
9.4083e-01
4.9423e-01
9.9737e-01
8.9772e-01
5.3035e-01
4.8137e-01
9.6422e-01
7.3933e-01
1.0233e+00
8.6728e-01
7.5896e-01
7.7631e-01
7.5896e-01
6.6324e-01
9.8308e-01
4.8912e-01
1.0069e+00
4.3336e-01
5.7181e-01
6.7459e-01
8.8249e-01
5.2451e-01
7.5644e-01
6.3362e-01
1.0144e+00
9.6749e-01
3.8631e-01
8.8438e-01
4.5899e-01
4.8866e-01
4.3336e-01
9.7322e-01
9.4603e-01
7.5345e-01
9.1190e-01
8.4443e-01
6.7526e-01
8.3464e-01
7.4932e-01
6.1260e-01
8.5648e-01
7.2209e-01
6.4751e-01
6.4927e-01
5.7893e-01
5.5419e-01
5.7944e-01
5.7453e-01
1.0122e+00
9.9512e-01
5.7663e-01
8.6728e-01
8.9401e-01
5.7663e-01
8.6571e-01
6.2072e-01
6.3778e-01
5.7281e-01
9.9788e-01
6.1064e-01
5.3864e-01
8.7064e-01
5.4123e-01
5.7453e-01
4.0396e-01
4.7557e-01
8.7949e-01
8.5943e-01
7.2357e-01
4.5466e-01
7.1756e-01
9.9969e-01
5.7370e-01
8.3464e-01
8.9772e-01
6.1064e-01
6.4927e-01
9.9512e-01
4.7465e-01
5.7281e-01
5.2153e-01
4.5229e-01
7.9434e-01
1.0069e+00
4.2185e-01
6.6683e-01
4.5404e-01
6.5130e-01
7.9415e-01
8.4104e-01
9.8619e-01
8.4253e-01
9.4083e-01
5.5409e-01
8.8227e-01
8.2233e-01
6.3526e-01
4.9733e-01
5.7456e-01
6.0205e-01
5.4017e-01
9.2551e-01
1.0209e+00
7.4932e-01
8.3340e-01
9.4603e-01
7.6876e-01
7.3778e-01
6.3362e-01
7.2183e-01
7.2183e-01
9.8933e-01
1.0122e+00
