7.5458e-01
7.4612e-01
9.3765e-01
7.4351e-01
6.1636e-01
7.1712e-01
7.1987e-01
8.4481e-01
9.4720e-01
6.1688e-01
1.0657e+00
1.0668e+00
7.2021e-01
7.1660e-01
7.3024e-01
1.0636e+00
8.2402e-01
7.1348e-01
7.0795e-01
7.7969e-01
8.2062e-01
6.3388e-01
7.3572e-01
1.0667e+00
7.4829e-01
1.0667e+00
6.7310e-01
8.4481e-01
7.8449e-01
7.0726e-01
7.3704e-01
7.2459e-01
9.3157e-01
6.1470e-01
9.9768e-01
7.1558e-01
6.1526e-01
6.9120e-01
6.1462e-01
7.3533e-01
1.0667e+00
6.9447e-01
1.0668e+00
6.6820e-01
6.1486e-01
7.3500e-01
6.1509e-01
7.6134e-01
8.3233e-01
7.2316e-01
6.5722e-01
8.6078e-01
1.0668e+00
7.2127e-01
6.1526e-01
7.8449e-01
7.4503e-01
9.3157e-01
8.0930e-01
6.1688e-01
6.4985e-01
8.4690e-01
7.6871e-01
7.6870e-01
8.1061e-01
7.0014e-01
8.1564e-01
6.9905e-01
9.7169e-01
7.6134e-01
8.4690e-01
7.2361e-01
1.0667e+00
7.4743e-01
1.0668e+00
7.0969e-01
1.0667e+00
9.4720e-01
7.4743e-01
1.0668e+00
7.4960e-01
7.3862e-01
6.9556e-01
7.3572e-01
1.0658e+00
7.6861e-01
7.3862e-01
7.7647e-01
7.1910e-01
9.3765e-01
7.7647e-01
1.0130e+00
7.6752e-01
1.0626e+00
6.3874e-01
6.9715e-01
7.3404e-01
1.0667e+00
7.3989e-01
6.2041e-01
6.8746e-01
1.0415e+00
8.8138e-01
6.1435e-01
8.1316e-01
6.5722e-01
8.1054e-01
9.0585e-01
7.3989e-01
9.7169e-01
7.4834e-01
7.0404e-01
7.0348e-01
1.0667e+00
7.1465e-01
7.0111e-01
6.2131e-01
1.0667e+00
7.4100e-01
1.0668e+00
7.7596e-01
7.1348e-01
8.1759e-01
1.0667e+00
7.3533e-01
1.0123e+00
6.2041e-01
7.6430e-01
7.1562e-01
7.2459e-01
8.2402e-01
7.7094e-01
1.0667e+00
1.0667e+00
1.0667e+00
6.1408e-01
1.0658e+00
1.0636e+00
1.0668e+00
9.7460e-01
6.1797e-01
7.6143e-01
6.2547e-01
8.7838e-01
8.4490e-01
8.1054e-01
7.0348e-01
6.1728e-01
7.4426e-01
1.0667e+00
6.8746e-01
7.4100e-01
7.7094e-01
7.4441e-01
9.9768e-01
6.1583e-01
7.1242e-01
8.0586e-01
1.0668e+00
7.0523e-01
7.7520e-01
1.0668e+00
1.0667e+00
7.0865e-01
7.1527e-01
7.1527e-01
7.0852e-01
7.0747e-01
7.0726e-01
6.8811e-01
6.1760e-01
7.1511e-01
6.2648e-01
6.1728e-01
7.6428e-01
8.3714e-01
7.4834e-01
1.0667e+00
9.0753e-01
6.1435e-01
7.3704e-01
6.2131e-01
1.0667e+00
7.7969e-01
6.8772e-01
7.6430e-01
8.1564e-01
7.1527e-01
6.6820e-01
6.8294e-01
7.0436e-01
1.0668e+00
6.1422e-01
1.0668e+00
1.0624e+00
1.0667e+00
9.0585e-01
1.0626e+00
6.1408e-01
9.3963e-01
8.1316e-01
6.1544e-01
1.0667e+00
7.7596e-01
1.0667e+00
6.1636e-01
7.4503e-01
6.9715e-01
1.0667e+00
6.5247e-01
6.1759e-01
7.1511e-01
6.8979e-01
6.8294e-01
1.0667e+00
8.3714e-01
7.1987e-01
6.2547e-01
8.1759e-01
7.3635e-01
1.0667e+00
1.0667e+00
1.0668e+00
8.3910e-01
7.2021e-01
6.1759e-01
6.3874e-01
7.8751e-01
6.1509e-01
7.5988e-01
6.1507e-01
7.0017e-01
6.1507e-01
1.0366e+00
6.3388e-01
6.9120e-01
1.0667e+00
6.1432e-01
7.1712e-01
6.4985e-01
1.0274e+00
6.2318e-01
6.1470e-01
8.3157e-01
1.0667e+00
1.0657e+00
1.0668e+00
7.2361e-01
6.9905e-01
8.0930e-01
6.1432e-01
1.0668e+00
6.7639e-01
8.8138e-01
6.8974e-01
8.1461e-01
7.4829e-01
6.1537e-01
7.4723e-01
6.9556e-01
7.3635e-01
8.6078e-01
7.6143e-01
8.2033e-01
6.1486e-01
7.4441e-01
7.3024e-01
6.7923e-01
1.0061e+00
1.0671e+00
1.0637e+00
7.5988e-01
8.4490e-01
1.0637e+00
1.0667e+00
7.1660e-01
7.2127e-01
7.1533e-01
1.0667e+00
6.4201e-01
7.4960e-01
1.0667e+00
6.1760e-01
6.7923e-01
7.3404e-01
8.7838e-01
9.7460e-01
1.0668e+00
7.4351e-01
7.0436e-01
7.0404e-01
1.0667e+00
6.5247e-01
6.1537e-01
8.3910e-01
6.4201e-01
8.2033e-01
1.0671e+00
6.8241e-01
7.1533e-01
8.2062e-01
1.0624e+00
8.2973e-01
1.0667e+00
7.0111e-01
7.4426e-01
7.1527e-01
1.0415e+00
7.1242e-01
6.1583e-01
7.7520e-01
7.5458e-01
1.0667e+00
7.5683e-01
1.0667e+00
1.0130e+00
8.1061e-01
6.1797e-01
7.1562e-01
6.9447e-01
7.0747e-01
8.3233e-01
1.0667e+00
7.4723e-01
1.0653e+00
6.7639e-01
6.1462e-01
8.8040e-01
8.3157e-01
6.1494e-01
6.1494e-01
1.0667e+00
1.0061e+00
