1.6277e+00
5.6603e-01
5.7305e-01
5.7302e-01
5.7305e-01
5.7301e-01
5.7302e-01
1.6277e+00
5.7302e-01
5.7302e-01
5.7301e-01
5.6603e-01
5.7302e-01
5.7302e-01
5.7302e-01
5.7302e-01
5.6603e-01
5.7318e-01
5.7302e-01
5.7302e-01
5.7302e-01
5.7302e-01
5.7303e-01
5.7316e-01
5.6603e-01
5.6606e-01
5.7302e-01
1.6277e+00
1.6277e+00
5.6603e-01
5.7301e-01
5.7572e-01
5.7301e-01
5.7303e-01
5.7301e-01
5.7302e-01
5.7301e-01
5.7302e-01
5.7312e-01
5.7302e-01
5.7301e-01
5.7302e-01
5.7302e-01
1.6122e+00
5.7302e-01
5.6603e-01
5.7301e-01
5.7303e-01
5.7303e-01
5.7302e-01
5.7301e-01
5.6604e-01
5.7394e-01
5.7302e-01
5.7301e-01
1.6277e+00
5.7302e-01
5.7301e-01
5.7301e-01
5.7302e-01
1.6277e+00
5.7303e-01
5.7301e-01
5.7301e-01
5.7303e-01
5.6603e-01
5.6604e-01
5.7302e-01
5.6603e-01
5.7303e-01
5.7303e-01
1.6274e+00
5.7305e-01
5.6603e-01
5.7304e-01
5.7302e-01
1.6277e+00
5.7302e-01
5.6603e-01
1.6277e+00
5.7302e-01
5.7301e-01
5.7303e-01
5.7303e-01
5.7314e-01
1.5992e+00
5.7301e-01
1.6277e+00
5.7301e-01
5.7305e-01
1.6277e+00
5.7302e-01
5.7302e-01
1.6277e+00
5.7303e-01
5.7302e-01
5.7302e-01
5.7304e-01
5.7303e-01
5.6603e-01
5.7302e-01
5.7301e-01
5.7302e-01
5.7316e-01
5.7302e-01
5.7301e-01
5.7304e-01
5.7302e-01
5.7303e-01
5.6603e-01
5.7302e-01
5.7319e-01
5.7301e-01
5.7303e-01
5.7301e-01
5.7302e-01
1.6276e+00
5.7303e-01
5.7301e-01
1.3054e+00
5.7304e-01
5.7318e-01
1.6185e+00
1.6277e+00
5.7302e-01
5.7645e-01
5.6603e-01
5.7303e-01
5.7302e-01
5.7572e-01
5.6603e-01
5.7302e-01
5.7303e-01
5.7302e-01
5.6603e-01
5.7301e-01
5.7314e-01
5.7302e-01
5.7302e-01
5.7301e-01
5.7302e-01
5.7309e-01
5.7307e-01
5.7302e-01
5.7304e-01
5.7304e-01
5.7301e-01
5.7302e-01
5.7302e-01
5.7303e-01
5.7302e-01
5.7301e-01
5.7302e-01
5.7302e-01
5.7301e-01
5.7310e-01
1.6277e+00
5.7301e-01
5.6603e-01
5.7302e-01
5.6603e-01
5.7304e-01
5.6603e-01
5.7302e-01
5.7302e-01
5.7302e-01
5.7302e-01
5.7302e-01
5.6603e-01
5.7302e-01
5.7302e-01
5.7302e-01
5.6603e-01
5.7302e-01
5.7302e-01
1.6273e+00
5.7302e-01
5.7301e-01
5.7302e-01
5.7316e-01
5.7301e-01
1.6276e+00
5.7302e-01
5.7302e-01
1.6277e+00
5.7303e-01
5.6604e-01
5.7302e-01
1.6122e+00
5.7302e-01
5.6603e-01
5.7302e-01
1.6277e+00
5.6603e-01
5.7302e-01
5.7303e-01
5.7302e-01
1.6277e+00
5.7301e-01
5.7301e-01
5.7302e-01
5.7301e-01
5.6604e-01
5.7304e-01
5.7304e-01
5.7305e-01
5.7302e-01
5.7302e-01
5.7301e-01
5.7620e-01
5.7302e-01
5.7302e-01
5.7302e-01
5.7302e-01
5.6603e-01
1.6273e+00
5.7302e-01
5.7307e-01
1.6185e+00
5.7302e-01
5.7303e-01
5.7302e-01
5.7394e-01
5.7302e-01
5.7302e-01
5.7302e-01
5.7303e-01
1.6277e+00
5.7301e-01
5.7302e-01
5.7304e-01
5.7303e-01
5.7304e-01
5.7301e-01
5.7302e-01
5.7302e-01
1.6277e+00
5.6603e-01
5.7301e-01
1.6277e+00
5.7302e-01
5.7303e-01
5.7303e-01
5.6603e-01
5.6603e-01
5.7301e-01
5.6603e-01
1.6274e+00
5.7302e-01
5.7301e-01
5.6603e-01
5.7305e-01
5.7303e-01
5.7302e-01
5.7320e-01
5.7302e-01
5.6603e-01
5.6603e-01
5.7304e-01
5.7303e-01
5.7302e-01
5.6604e-01
5.7309e-01
5.7302e-01
5.7302e-01
5.7302e-01
5.7302e-01
5.7302e-01
5.7361e-01
7.7147e-01
5.7549e-01
5.7302e-01
5.7304e-01
5.7549e-01
5.6604e-01
5.7302e-01
5.7302e-01
5.7302e-01
5.7304e-01
5.6603e-01
5.7302e-01
5.7301e-01
5.7302e-01
5.7302e-01
5.7302e-01
5.7302e-01
5.7301e-01
5.7304e-01
5.7302e-01
5.6603e-01
5.7319e-01
5.7303e-01
5.7620e-01
5.6603e-01
5.7302e-01
5.6603e-01
5.7302e-01
7.7147e-01
1.6277e+00
5.7302e-01
5.7302e-01
5.7302e-01
5.7303e-01
5.6603e-01
5.7302e-01
5.7302e-01
5.7302e-01
5.7301e-01
1.6277e+00
5.7310e-01
5.6603e-01
1.6277e+00
5.7303e-01
5.7302e-01
5.6606e-01
5.7302e-01
5.7303e-01
5.7302e-01
5.7302e-01
5.7302e-01
5.7302e-01
5.7303e-01
5.7304e-01
5.7304e-01
5.7303e-01
5.7303e-01
5.7312e-01
5.7306e-01
5.6603e-01
5.7301e-01
5.7301e-01
5.7301e-01
5.7361e-01
