8.3790e-01
7.5725e-01
7.8424e-01
9.0446e-01
9.1296e-01
6.6041e-01
9.5776e-01
8.0576e-01
6.9357e-01
9.0790e-01
9.4207e-01
9.0309e-01
5.8977e-01
4.6482e-01
6.0119e-01
6.2341e-01
7.3813e-01
6.5187e-01
6.2151e-01
7.2195e-01
7.5870e-01
9.0599e-01
5.6323e-01
9.5833e-01
8.0653e-01
9.7368e-01
8.7496e-01
8.0576e-01
9.1194e-01
6.3895e-01
4.8826e-01
6.7373e-01
8.5050e-01
8.0303e-01
6.5616e-01
6.6931e-01
8.3441e-01
5.9318e-01
9.1877e-01
6.6724e-01
9.1140e-01
6.5360e-01
9.6726e-01
7.7953e-01
7.1364e-01
9.5542e-01
9.8083e-01
8.1091e-01
9.4892e-01
7.2301e-01
8.3204e-01
5.8184e-01
9.7546e-01
8.4770e-01
8.3441e-01
9.1194e-01
6.7795e-01
8.5050e-01
8.0773e-01
9.0790e-01
6.5948e-01
6.7322e-01
9.0790e-01
9.0790e-01
5.2441e-01
8.2427e-01
6.9275e-01
5.8809e-01
6.8789e-01
8.1091e-01
6.7322e-01
9.8784e-01
9.7357e-01
7.3998e-01
8.7216e-01
8.1850e-01
9.6799e-01
6.9357e-01
7.3998e-01
9.9578e-01
7.6333e-01
8.4850e-01
7.6565e-01
5.6323e-01
7.7737e-01
6.9317e-01
8.4850e-01
9.6088e-01
8.3589e-01
7.8424e-01
9.6088e-01
8.9894e-01
7.6894e-01
8.7083e-01
9.7047e-01
7.2654e-01
4.1017e-01
9.9039e-01
5.4342e-01
7.6346e-01
7.2864e-01
7.2540e-01
8.4638e-01
8.4581e-01
8.5858e-01
8.3204e-01
7.8411e-01
8.4816e-01
5.4342e-01
6.8789e-01
7.1577e-01
7.4804e-01
5.8168e-01
9.7013e-01
8.4312e-01
6.7603e-01
8.2824e-01
9.6499e-01
6.8494e-01
9.1286e-01
7.5012e-01
6.5187e-01
9.1494e-01
9.6417e-01
6.6724e-01
7.7336e-01
7.6346e-01
8.3327e-01
7.5805e-01
6.7373e-01
7.3813e-01
8.0464e-01
9.0527e-01
3.0616e-01
1.0148e+00
9.8100e-01
7.7737e-01
6.2341e-01
9.1880e-01
8.2948e-01
5.7765e-01
7.8872e-01
8.0416e-01
7.4249e-01
9.9595e-01
7.8411e-01
5.8168e-01
5.7800e-01
8.6888e-01
9.6499e-01
7.2864e-01
6.8494e-01
8.0464e-01
8.2266e-01
6.5616e-01
9.0098e-01
8.1918e-01
6.2244e-01
2.8378e-01
6.5788e-01
9.6885e-01
9.8253e-01
1.0148e+00
8.4239e-01
7.5595e-01
6.5516e-01
7.2014e-01
7.2791e-01
6.3895e-01
8.1080e-01
6.3124e-01
6.0920e-01
4.5887e-01
5.7800e-01
8.8041e-01
6.6464e-01
7.1577e-01
9.3855e-01
8.1901e-01
8.4581e-01
4.8826e-01
8.2824e-01
9.5430e-01
7.2195e-01
8.3392e-01
8.3327e-01
6.9275e-01
7.5595e-01
7.7953e-01
7.8571e-01
6.1759e-01
9.1880e-01
9.8515e-01
9.0309e-01
7.3939e-01
9.0527e-01
8.4816e-01
8.7083e-01
9.8100e-01
7.6588e-01
8.5858e-01
8.6856e-01
7.5486e-01
7.5012e-01
9.5644e-01
9.1296e-01
6.7795e-01
7.2654e-01
9.3363e-01
8.8939e-01
7.3020e-01
6.0920e-01
8.2510e-01
7.8571e-01
9.6577e-01
6.6464e-01
9.5776e-01
8.0416e-01
9.1494e-01
8.8925e-01
9.6237e-01
3.0616e-01
9.7546e-01
9.1622e-01
5.8977e-01
7.3020e-01
9.7047e-01
8.1304e-01
9.8083e-01
8.3224e-01
6.5496e-01
7.9695e-01
6.5496e-01
7.2720e-01
9.0599e-01
5.9318e-01
9.6417e-01
7.4776e-01
6.6041e-01
6.5948e-01
8.1799e-01
5.2597e-01
8.0303e-01
7.4755e-01
9.8250e-01
9.4207e-01
2.8378e-01
9.8784e-01
5.8809e-01
8.0773e-01
7.4776e-01
9.5067e-01
7.2949e-01
8.4638e-01
5.9261e-01
8.4000e-01
8.0653e-01
8.8008e-01
8.6989e-01
7.6565e-01
8.8925e-01
5.8184e-01
7.8872e-01
8.5228e-01
7.1364e-01
8.2266e-01
6.0119e-01
4.9433e-01
9.3819e-01
9.8938e-01
9.5317e-01
8.3224e-01
9.9595e-01
9.5317e-01
7.5486e-01
4.6482e-01
8.4770e-01
6.6580e-01
9.5644e-01
9.3163e-01
7.6333e-01
9.3363e-01
6.3124e-01
4.9433e-01
4.1017e-01
7.4249e-01
8.2948e-01
8.7216e-01
9.0446e-01
6.1759e-01
7.4804e-01
9.9455e-01
8.8939e-01
8.8008e-01
9.1622e-01
9.3163e-01
8.5228e-01
9.8938e-01
5.8408e-01
6.6580e-01
7.5870e-01
7.3939e-01
7.7115e-01
9.6577e-01
6.7603e-01
8.6888e-01
6.5516e-01
7.2540e-01
8.1918e-01
9.0098e-01
9.6885e-01
8.3790e-01
9.6237e-01
8.2100e-01
9.7368e-01
8.9894e-01
5.2441e-01
5.7765e-01
7.5805e-01
6.5360e-01
7.2791e-01
9.4892e-01
9.9039e-01
8.6989e-01
7.3686e-01
7.2949e-01
9.1877e-01
8.2564e-01
7.4755e-01
9.0443e-01
9.0443e-01
9.3855e-01
9.3819e-01
