9.0881e-01
5.9680e-01
9.5669e-01
8.9512e-01
9.0660e-01
5.1115e-01
8.1423e-01
9.4563e-01
7.7414e-01
8.6450e-01
8.0097e-01
8.0471e-01
3.8214e-01
6.5227e-01
5.6504e-01
4.7068e-01
6.2294e-01
5.7875e-01
4.9086e-01
4.3565e-01
6.1045e-01
9.2745e-01
4.3139e-01
1.0001e+00
6.7222e-01
8.8179e-01
8.2811e-01
9.4563e-01
9.3133e-01
4.9732e-01
2.9156e-01
7.9484e-01
8.7742e-01
8.6388e-01
4.8121e-01
4.7468e-01
8.9885e-01
5.0362e-01
9.3907e-01
5.6100e-01
9.2978e-01
7.3115e-01
9.1422e-01
7.5825e-01
7.5740e-01
9.1249e-01
9.9111e-01
6.0567e-01
9.3138e-01
5.0095e-01
9.5124e-01
4.5442e-01
9.1040e-01
7.5247e-01
8.9885e-01
9.3133e-01
7.0472e-01
8.7742e-01
6.3056e-01
8.6450e-01
8.7361e-01
5.1063e-01
8.0282e-01
8.0282e-01
9.1718e-01
8.2220e-01
5.9863e-01
4.5451e-01
7.5007e-01
6.0567e-01
5.1063e-01
9.9028e-01
9.6060e-01
4.8007e-01
9.4656e-01
6.6636e-01
9.6741e-01
7.7414e-01
4.8007e-01
1.0062e+00
6.6699e-01
5.4118e-01
5.3520e-01
4.3139e-01
7.7854e-01
9.2755e-01
5.4118e-01
8.8526e-01
8.7490e-01
9.5669e-01
8.8526e-01
7.9619e-01
9.5652e-01
7.2019e-01
9.3293e-01
6.4952e-01
3.4767e-01
9.9899e-01
8.2777e-01
8.0182e-01
6.1783e-01
7.2663e-01
8.4810e-01
9.0995e-01
8.0239e-01
9.5124e-01
8.1527e-01
5.5616e-01
8.2777e-01
7.5007e-01
5.9995e-01
9.0248e-01
3.9319e-01
9.6952e-01
8.3620e-01
4.5290e-01
8.9652e-01
9.3093e-01
8.3009e-01
8.2307e-01
8.4857e-01
5.7875e-01
9.6275e-01
9.4627e-01
5.6100e-01
7.8705e-01
8.0182e-01
6.4388e-01
5.8710e-01
7.9484e-01
6.2294e-01
8.0614e-01
9.2103e-01
5.7169e-01
9.7313e-01
9.6447e-01
7.7854e-01
4.7068e-01
7.7280e-01
5.7496e-01
5.8514e-01
9.5418e-01
7.3604e-01
5.7521e-01
9.4770e-01
8.1527e-01
3.9319e-01
6.0786e-01
4.8355e-01
9.3093e-01
6.1783e-01
8.3009e-01
8.0614e-01
7.1514e-01
4.8121e-01
9.3534e-01
7.7454e-01
7.8075e-01
5.6185e-01
4.9544e-01
9.0600e-01
9.5304e-01
9.7313e-01
6.6080e-01
5.0453e-01
5.2638e-01
4.2254e-01
6.5506e-01
4.9732e-01
5.0082e-01
5.2073e-01
4.6126e-01
3.4934e-01
6.0786e-01
8.5338e-01
7.4877e-01
5.9995e-01
9.4551e-01
7.7386e-01
9.0995e-01
2.9156e-01
8.9652e-01
9.2683e-01
4.3565e-01
8.1449e-01
6.4388e-01
5.9863e-01
5.0453e-01
7.5825e-01
5.3041e-01
4.6047e-01
7.7280e-01
9.9754e-01
8.0471e-01
5.5955e-01
9.2103e-01
5.5616e-01
7.2019e-01
9.6447e-01
7.2510e-01
8.0239e-01
7.9142e-01
7.4631e-01
8.4857e-01
7.4253e-01
9.0660e-01
7.0472e-01
6.4952e-01
9.2162e-01
7.7320e-01
6.2982e-01
4.6126e-01
7.9053e-01
5.3041e-01
5.8545e-01
7.4877e-01
8.1423e-01
7.3604e-01
9.6275e-01
5.0583e-01
8.6861e-01
5.7169e-01
9.1040e-01
9.0104e-01
3.8214e-01
6.2982e-01
9.3293e-01
8.0996e-01
9.9111e-01
6.5057e-01
7.7657e-01
9.2548e-01
7.7657e-01
7.0051e-01
9.2745e-01
5.0362e-01
9.4627e-01
6.8433e-01
5.1115e-01
8.7361e-01
8.9535e-01
4.5600e-01
8.6388e-01
6.7243e-01
9.8171e-01
8.0097e-01
5.6185e-01
9.9028e-01
4.5451e-01
6.3056e-01
6.8433e-01
9.2393e-01
8.5770e-01
8.4810e-01
6.5938e-01
7.6701e-01
6.7222e-01
8.7215e-01
7.7550e-01
5.3520e-01
5.0583e-01
4.5442e-01
9.5418e-01
4.4175e-01
7.5740e-01
7.1514e-01
5.6504e-01
5.2995e-01
9.7689e-01
1.0104e+00
6.8590e-01
6.5057e-01
9.4770e-01
6.8590e-01
7.4631e-01
6.5227e-01
7.5247e-01
5.3205e-01
7.4253e-01
8.3191e-01
6.6699e-01
9.2162e-01
5.2073e-01
5.2995e-01
3.4767e-01
5.7521e-01
5.7496e-01
9.4656e-01
8.9512e-01
4.6047e-01
9.0248e-01
9.9575e-01
7.7320e-01
8.7215e-01
9.0104e-01
8.3191e-01
4.4175e-01
1.0104e+00
7.6554e-01
5.3205e-01
6.1045e-01
5.5955e-01
9.4670e-01
5.8545e-01
4.5290e-01
4.8355e-01
5.2638e-01
7.2663e-01
7.7454e-01
9.3534e-01
9.0600e-01
9.0881e-01
8.6861e-01
7.6629e-01
8.8179e-01
7.9619e-01
9.1718e-01
5.8514e-01
5.8710e-01
7.3115e-01
6.5506e-01
9.3138e-01
9.9899e-01
7.7550e-01
8.0208e-01
8.5770e-01
9.3907e-01
8.5763e-01
6.7243e-01
8.6911e-01
8.6911e-01
9.4551e-01
9.7689e-01
