7.4098e-01
5.5749e-01
9.2242e-01
6.6957e-01
9.0398e-01
5.1804e-01
9.6303e-01
7.0160e-01
6.9321e-01
8.3558e-01
9.3188e-01
5.2199e-01
4.9383e-01
5.6470e-01
4.7503e-01
4.8049e-01
5.1440e-01
5.2742e-01
4.2582e-01
4.9095e-01
5.7367e-01
9.7658e-01
4.4968e-01
1.0066e+00
6.3940e-01
8.8093e-01
7.8275e-01
7.0160e-01
9.2057e-01
6.5491e-01
3.7191e-01
5.4877e-01
7.5836e-01
7.3887e-01
6.3699e-01
5.1197e-01
7.0351e-01
4.6426e-01
7.5993e-01
6.5626e-01
9.4064e-01
6.4693e-01
9.1598e-01
7.2859e-01
6.6204e-01
9.6479e-01
1.0042e+00
5.7988e-01
8.1801e-01
4.6448e-01
8.2154e-01
5.1004e-01
9.8225e-01
6.3815e-01
7.0351e-01
9.2057e-01
5.3037e-01
7.5836e-01
5.3284e-01
8.3559e-01
8.3177e-01
5.3884e-01
5.1440e-01
5.1440e-01
5.4416e-01
8.2340e-01
6.3043e-01
4.5563e-01
8.5543e-01
5.7988e-01
5.3884e-01
7.5995e-01
8.8809e-01
4.9742e-01
7.0697e-01
4.1942e-01
9.7173e-01
6.9320e-01
4.9742e-01
1.0293e+00
5.0812e-01
5.1160e-01
6.6970e-01
4.4968e-01
5.8507e-01
6.8891e-01
5.1160e-01
7.8851e-01
7.8432e-01
9.2242e-01
7.8851e-01
8.0416e-01
8.8525e-01
6.0643e-01
9.6466e-01
6.3061e-01
4.2525e-01
9.7551e-01
5.9694e-01
5.2931e-01
5.3439e-01
6.1100e-01
7.6124e-01
8.7853e-01
7.2795e-01
8.2154e-01
8.5622e-01
7.9292e-01
5.9694e-01
8.5543e-01
7.4734e-01
6.3842e-01
4.9640e-01
9.5026e-01
6.5636e-01
4.1430e-01
7.1150e-01
6.5264e-01
7.2580e-01
7.9970e-01
6.5882e-01
5.2742e-01
7.5485e-01
1.0167e+00
6.5626e-01
8.6205e-01
5.2931e-01
7.1411e-01
5.3595e-01
5.4877e-01
5.1440e-01
6.1959e-01
7.7897e-01
5.4178e-01
1.0274e+00
9.9413e-01
5.8507e-01
4.8049e-01
8.1366e-01
7.8181e-01
6.8703e-01
8.8710e-01
5.7732e-01
4.6619e-01
9.6099e-01
8.5622e-01
4.9640e-01
6.5562e-01
6.0540e-01
6.5264e-01
5.3439e-01
7.2580e-01
6.1959e-01
6.0817e-01
6.3699e-01
9.2263e-01
7.0928e-01
7.3024e-01
3.8529e-01
5.4735e-01
9.8841e-01
1.0251e+00
1.0274e+00
5.6112e-01
4.8319e-01
5.3036e-01
5.1807e-01
5.2263e-01
6.5491e-01
5.5507e-01
5.2557e-01
4.1791e-01
3.7931e-01
6.5562e-01
8.9193e-01
8.2469e-01
7.4734e-01
6.9842e-01
7.3773e-01
8.7853e-01
3.7191e-01
7.1150e-01
9.3584e-01
4.9095e-01
8.0316e-01
7.1411e-01
6.3043e-01
4.8319e-01
7.2859e-01
5.9235e-01
4.0875e-01
8.1366e-01
9.6293e-01
5.2199e-01
4.5469e-01
7.7897e-01
7.9292e-01
6.0643e-01
9.9413e-01
5.1814e-01
7.2795e-01
6.9106e-01
5.4984e-01
6.5882e-01
8.3395e-01
9.0398e-01
5.3037e-01
6.3061e-01
7.6451e-01
5.8602e-01
4.9171e-01
4.1791e-01
6.8050e-01
5.9235e-01
9.5770e-01
8.2469e-01
9.6303e-01
5.7732e-01
7.5485e-01
6.4493e-01
9.3276e-01
5.4178e-01
9.8225e-01
9.9073e-01
4.9383e-01
4.9171e-01
9.6466e-01
6.7729e-01
1.0042e+00
8.3620e-01
9.3518e-01
8.3524e-01
9.3518e-01
5.9621e-01
9.7658e-01
4.6426e-01
1.0167e+00
5.9294e-01
5.1804e-01
8.3177e-01
8.8312e-01
3.9175e-01
7.3887e-01
4.8648e-01
9.8938e-01
9.3188e-01
3.8529e-01
7.5995e-01
4.5563e-01
5.3284e-01
5.9294e-01
9.1357e-01
7.5402e-01
7.6124e-01
7.7797e-01
7.7512e-01
6.3940e-01
9.2387e-01
6.6676e-01
6.6970e-01
6.4493e-01
5.1004e-01
8.8710e-01
6.6580e-01
6.6204e-01
6.0817e-01
4.7503e-01
5.0753e-01
9.7148e-01
1.0059e+00
6.1062e-01
8.3620e-01
9.6099e-01
6.1062e-01
5.4984e-01
5.6470e-01
6.3815e-01
5.4779e-01
8.3395e-01
7.6190e-01
5.0812e-01
7.6451e-01
5.2557e-01
5.0753e-01
4.2525e-01
4.6619e-01
7.8181e-01
7.0697e-01
6.6957e-01
4.0875e-01
6.3842e-01
9.6847e-01
5.8602e-01
9.2387e-01
9.9073e-01
7.6190e-01
6.6580e-01
1.0059e+00
5.3167e-01
5.4779e-01
5.7367e-01
4.5469e-01
1.0119e+00
9.5770e-01
4.1430e-01
6.0540e-01
5.3036e-01
6.1100e-01
7.0928e-01
9.2263e-01
9.8841e-01
7.4098e-01
9.3276e-01
5.3244e-01
8.8093e-01
8.0416e-01
5.4416e-01
6.8703e-01
5.3595e-01
6.4693e-01
5.2263e-01
8.1801e-01
9.7552e-01
6.6676e-01
9.6722e-01
7.5402e-01
7.5993e-01
6.7087e-01
4.8648e-01
7.3219e-01
7.3219e-01
6.9842e-01
9.7148e-01
