9.3341e-01
7.7734e-01
8.5644e-01
8.8490e-01
8.9516e-01
7.3450e-01
9.3894e-01
7.4492e-01
7.6407e-01
9.2714e-01
9.7055e-01
6.8880e-01
6.8594e-01
7.4117e-01
6.3124e-01
7.0537e-01
6.5533e-01
6.7517e-01
7.3328e-01
7.0165e-01
6.5139e-01
9.4281e-01
6.3889e-01
8.8892e-01
8.4424e-01
9.6096e-01
9.6435e-01
7.4492e-01
8.3526e-01
6.9036e-01
5.9455e-01
6.8337e-01
8.3183e-01
8.8347e-01
7.4039e-01
7.0907e-01
7.9942e-01
7.2211e-01
7.6501e-01
7.7151e-01
8.6469e-01
6.6298e-01
9.3811e-01
8.0743e-01
8.0212e-01
8.3571e-01
9.4035e-01
7.0219e-01
9.2364e-01
6.2883e-01
9.0932e-01
7.3317e-01
9.7450e-01
8.9436e-01
7.9942e-01
8.3526e-01
7.2186e-01
8.3183e-01
6.0203e-01
9.2714e-01
9.1167e-01
8.5964e-01
7.3062e-01
7.3062e-01
7.6744e-01
8.4647e-01
6.2666e-01
6.2931e-01
7.8468e-01
7.0219e-01
8.5964e-01
7.8298e-01
9.3544e-01
7.1916e-01
7.6693e-01
7.4081e-01
9.6568e-01
7.6407e-01
7.1916e-01
9.8791e-01
7.0640e-01
6.6641e-01
7.0693e-01
6.3889e-01
8.2938e-01
9.0712e-01
6.6641e-01
9.2847e-01
7.7731e-01
8.5644e-01
9.2847e-01
7.9327e-01
9.3114e-01
8.0675e-01
9.6763e-01
7.2289e-01
7.2116e-01
9.9158e-01
8.0308e-01
7.4683e-01
7.2218e-01
6.7404e-01
8.2077e-01
8.8477e-01
8.6576e-01
9.0932e-01
8.5174e-01
7.9171e-01
8.0308e-01
7.8468e-01
8.5166e-01
8.0920e-01
7.0173e-01
9.4378e-01
7.1919e-01
6.4187e-01
8.3483e-01
8.8927e-01
8.5448e-01
8.9828e-01
8.1853e-01
6.7517e-01
8.7890e-01
9.4699e-01
7.7151e-01
8.1051e-01
7.4683e-01
8.5377e-01
7.4802e-01
6.8337e-01
6.5533e-01
7.8498e-01
8.9664e-01
6.7874e-01
1.0053e+00
9.9238e-01
8.2938e-01
7.0537e-01
9.2856e-01
8.6982e-01
7.8701e-01
8.9692e-01
7.2779e-01
5.7410e-01
9.5872e-01
8.5174e-01
7.0173e-01
7.6137e-01
7.4357e-01
8.8927e-01
7.2218e-01
8.5448e-01
7.8498e-01
7.4743e-01
7.4039e-01
7.8904e-01
8.4076e-01
6.8708e-01
4.6095e-01
7.4810e-01
9.7740e-01
9.8260e-01
1.0053e+00
8.1756e-01
7.8693e-01
6.2989e-01
7.0581e-01
7.7691e-01
6.9036e-01
7.3967e-01
6.4567e-01
6.4916e-01
3.5885e-01
7.6137e-01
9.0188e-01
8.2310e-01
8.5166e-01
8.0309e-01
8.1745e-01
8.8477e-01
5.9455e-01
8.3483e-01
9.8334e-01
7.0165e-01
9.3077e-01
8.5377e-01
6.2666e-01
7.8693e-01
8.0743e-01
8.5295e-01
5.6228e-01
9.2856e-01
9.8359e-01
6.8880e-01
5.3469e-01
8.9664e-01
7.9171e-01
8.0675e-01
9.9238e-01
7.5916e-01
8.6576e-01
6.9702e-01
4.3510e-01
8.1853e-01
9.1668e-01
8.9516e-01
7.2186e-01
7.2289e-01
9.5238e-01
7.3865e-01
6.6586e-01
6.4916e-01
8.8679e-01
8.5295e-01
8.4559e-01
8.2310e-01
9.3894e-01
7.2779e-01
8.7890e-01
8.8122e-01
8.9668e-01
6.7874e-01
9.7450e-01
8.8929e-01
6.8594e-01
6.6586e-01
9.6763e-01
7.9357e-01
9.4035e-01
8.6895e-01
8.3749e-01
9.1716e-01
8.3749e-01
6.3472e-01
9.4281e-01
7.2211e-01
9.4699e-01
6.2955e-01
7.3450e-01
9.1167e-01
8.7349e-01
7.0216e-01
8.8347e-01
5.7736e-01
9.8158e-01
9.7055e-01
4.6095e-01
7.8298e-01
6.2931e-01
6.0203e-01
6.2955e-01
9.5527e-01
8.5421e-01
8.2077e-01
6.7195e-01
8.7670e-01
8.4424e-01
9.0920e-01
8.8379e-01
7.0693e-01
8.8122e-01
7.3317e-01
8.9692e-01
7.9343e-01
8.0212e-01
7.4743e-01
6.3124e-01
5.4943e-01
8.6686e-01
9.7251e-01
7.8109e-01
8.6895e-01
9.5872e-01
7.8109e-01
4.3510e-01
7.4117e-01
8.9436e-01
7.3460e-01
9.1668e-01
9.4579e-01
7.0640e-01
9.5238e-01
6.4567e-01
5.4943e-01
7.2116e-01
5.7410e-01
8.6982e-01
7.6693e-01
8.8490e-01
5.6228e-01
8.0920e-01
9.4091e-01
7.3865e-01
9.0920e-01
8.8929e-01
9.4579e-01
7.9343e-01
9.7251e-01
8.2111e-01
7.3460e-01
6.5139e-01
5.3469e-01
8.6241e-01
8.4559e-01
6.4187e-01
7.4357e-01
6.2989e-01
6.7404e-01
8.4076e-01
7.8904e-01
9.7740e-01
9.3341e-01
8.9668e-01
7.2536e-01
9.6096e-01
7.9327e-01
7.6744e-01
7.8701e-01
7.4802e-01
6.6298e-01
7.7691e-01
9.2364e-01
9.9158e-01
8.8379e-01
8.3582e-01
8.5421e-01
7.6501e-01
8.4598e-01
5.7736e-01
7.6059e-01
7.6059e-01
8.0309e-01
8.6686e-01
