8.5587e-01
5.2786e-01
7.7699e-01
6.2247e-01
8.3882e-01
4.2903e-01
8.6078e-01
7.9399e-01
7.4088e-01
7.8000e-01
9.2810e-01
6.6549e-01
4.5822e-01
4.3541e-01
6.1040e-01
4.4965e-01
5.0218e-01
4.9696e-01
4.6156e-01
5.9307e-01
5.0045e-01
9.0963e-01
4.3538e-01
9.4023e-01
7.0152e-01
9.0832e-01
7.7209e-01
7.9399e-01
8.4432e-01
4.3320e-01
2.6574e-01
4.8032e-01
8.4809e-01
6.7666e-01
7.1089e-01
5.0936e-01
7.4039e-01
3.7255e-01
6.8422e-01
5.6433e-01
8.2514e-01
7.2379e-01
8.8813e-01
6.0462e-01
6.1866e-01
8.7804e-01
9.6709e-01
6.0907e-01
8.1713e-01
5.2092e-01
8.3093e-01
5.9609e-01
9.1451e-01
6.3528e-01
7.4039e-01
8.4432e-01
5.3193e-01
8.4809e-01
4.8357e-01
7.8000e-01
7.5828e-01
7.1055e-01
7.4324e-01
7.4324e-01
4.4762e-01
7.2804e-01
6.3257e-01
4.0368e-01
8.8687e-01
6.0907e-01
7.1055e-01
6.2230e-01
9.2531e-01
3.9111e-01
8.2436e-01
6.1400e-01
9.5025e-01
7.4088e-01
3.9111e-01
9.9191e-01
6.1137e-01
5.1068e-01
6.8075e-01
4.3538e-01
8.3681e-01
7.3280e-01
5.1068e-01
7.8843e-01
7.2157e-01
7.7699e-01
7.8843e-01
7.9940e-01
9.8161e-01
7.3802e-01
9.3379e-01
6.2542e-01
1.9046e-01
9.6220e-01
5.0548e-01
4.9966e-01
4.7522e-01
5.4809e-01
6.5253e-01
5.9042e-01
7.9768e-01
8.3093e-01
7.3997e-01
6.7626e-01
5.0548e-01
8.8687e-01
5.3426e-01
7.8865e-01
4.3771e-01
9.5259e-01
7.2275e-01
4.8200e-01
6.0049e-01
6.8126e-01
5.7795e-01
7.8568e-01
5.7582e-01
4.9696e-01
7.8810e-01
9.7368e-01
5.6433e-01
7.6970e-01
4.9966e-01
7.6123e-01
4.9448e-01
4.8032e-01
5.0218e-01
7.7389e-01
7.4599e-01
3.1503e-01
8.9574e-01
9.7026e-01
8.3681e-01
4.4965e-01
7.7314e-01
8.8941e-01
8.3004e-01
7.0406e-01
5.7179e-01
5.4926e-01
7.8869e-01
7.3997e-01
4.3771e-01
4.8348e-01
5.4506e-01
6.8126e-01
4.7522e-01
5.7795e-01
7.7389e-01
5.5878e-01
7.1089e-01
9.2463e-01
6.7924e-01
5.8454e-01
4.1879e-02
4.6990e-01
9.3298e-01
7.3092e-01
8.9574e-01
4.5266e-01
3.7327e-01
4.3767e-01
3.9664e-01
5.1935e-01
4.3320e-01
4.6539e-01
4.3832e-01
3.1191e-01
9.2355e-02
4.8348e-01
8.8513e-01
5.2838e-01
5.3426e-01
5.8127e-01
7.6556e-01
5.9042e-01
2.6574e-01
6.0049e-01
8.5499e-01
5.9307e-01
9.3355e-01
7.6123e-01
6.3257e-01
3.7327e-01
6.0462e-01
5.8202e-01
3.6928e-01
7.7314e-01
9.4238e-01
6.6549e-01
4.5708e-01
7.4599e-01
6.7626e-01
7.3802e-01
9.7026e-01
6.3177e-01
7.9768e-01
6.1929e-01
2.8226e-01
5.7582e-01
8.9013e-01
8.3882e-01
5.3193e-01
6.2542e-01
9.3064e-01
5.3635e-01
5.6284e-01
3.1191e-01
6.9158e-01
5.8202e-01
2.0340e-01
5.2838e-01
8.6078e-01
5.7179e-01
7.8810e-01
6.1677e-01
8.2696e-01
3.1503e-01
9.1451e-01
7.6628e-01
4.5822e-01
5.6284e-01
9.3379e-01
6.6802e-01
9.6709e-01
6.6879e-01
8.7119e-01
7.3287e-01
8.7119e-01
6.2343e-01
9.0963e-01
3.7255e-01
9.7368e-01
5.8857e-01
4.2903e-01
7.5828e-01
9.0905e-01
3.5867e-01
6.7666e-01
6.6105e-01
9.5870e-01
9.2810e-01
4.1879e-02
6.2230e-01
4.0368e-01
4.8357e-01
5.8857e-01
9.2604e-01
7.5366e-01
6.5253e-01
8.0999e-01
7.2144e-01
7.0152e-01
8.7442e-01
5.0854e-01
6.8075e-01
6.1677e-01
5.9609e-01
7.0406e-01
6.5464e-01
6.1866e-01
5.5878e-01
6.1040e-01
3.7093e-01
9.0073e-01
9.8492e-01
6.4954e-01
6.6879e-01
7.8869e-01
6.4954e-01
2.8226e-01
4.3541e-01
6.3528e-01
4.7991e-01
8.9013e-01
8.1444e-01
6.1137e-01
9.3064e-01
4.3832e-01
3.7093e-01
1.9046e-01
5.4926e-01
8.8941e-01
8.2436e-01
6.2247e-01
3.6928e-01
7.8865e-01
9.6007e-01
5.3635e-01
8.7442e-01
7.6628e-01
8.1444e-01
6.5464e-01
9.8492e-01
5.9181e-01
4.7991e-01
5.0045e-01
4.5708e-01
9.7669e-01
2.0340e-01
4.8200e-01
5.4506e-01
4.3767e-01
5.4809e-01
6.7924e-01
9.2463e-01
9.3298e-01
8.5587e-01
8.2696e-01
5.4242e-01
9.0832e-01
7.9940e-01
4.4762e-01
8.3004e-01
4.9448e-01
7.2379e-01
5.1935e-01
8.1713e-01
9.6220e-01
5.0854e-01
9.5137e-01
7.5366e-01
6.8422e-01
7.4949e-01
6.6105e-01
6.0421e-01
6.0421e-01
5.8127e-01
9.0073e-01
