8.9976e-01
5.4819e-01
7.9264e-01
5.4711e-01
8.2449e-01
3.5837e-01
8.9370e-01
7.9245e-01
5.9665e-01
8.4699e-01
9.1399e-01
5.9897e-01
3.9127e-01
5.8140e-01
3.6195e-01
6.8646e-01
6.7611e-01
4.7405e-01
4.3413e-01
7.7140e-01
5.4526e-01
9.2209e-01
3.9877e-01
9.2782e-01
5.3059e-01
8.5417e-01
7.6166e-01
7.9245e-01
7.7624e-01
3.7447e-01
5.3561e-02
4.4115e-01
7.3289e-01
6.3013e-01
5.9701e-01
6.2869e-01
6.2568e-01
4.1709e-01
9.1612e-01
5.3659e-01
9.2255e-01
8.5746e-01
8.9170e-01
6.0392e-01
4.6948e-01
9.0162e-01
9.0835e-01
6.7687e-01
8.3602e-01
5.2756e-01
4.0426e-01
6.4797e-01
9.7296e-01
5.2481e-01
6.2568e-01
7.7624e-01
5.2564e-01
7.3289e-01
3.8116e-01
8.4699e-01
8.2741e-01
4.9692e-01
8.8970e-01
8.8970e-01
6.6111e-01
7.5650e-01
6.9783e-01
4.9996e-01
8.1682e-01
6.7687e-01
4.9692e-01
6.1785e-01
9.2197e-01
4.4063e-01
8.2413e-01
3.7710e-01
8.6940e-01
5.9665e-01
4.4063e-01
9.6931e-01
6.5532e-01
4.4119e-01
4.0499e-01
3.9877e-01
9.0844e-01
7.7251e-01
4.4119e-01
8.8303e-01
8.0283e-01
7.9264e-01
8.8303e-01
8.4540e-01
7.4316e-01
7.5348e-01
9.3500e-01
6.3940e-01
4.1848e-01
9.7897e-01
7.5767e-01
6.5899e-01
4.9076e-01
6.3204e-01
6.7634e-01
7.0625e-01
7.6853e-01
4.0426e-01
8.3819e-01
6.2948e-01
7.5767e-01
8.1682e-01
5.1729e-01
7.8569e-01
3.4430e-01
9.0831e-01
7.3699e-01
4.9307e-01
6.2752e-01
9.1508e-01
5.6636e-01
8.7544e-01
5.6499e-01
4.7405e-01
6.6755e-01
9.7685e-01
5.3659e-01
7.9789e-01
6.5899e-01
7.5556e-01
6.1267e-01
4.4115e-01
6.7611e-01
6.6425e-01
8.5573e-01
4.9627e-01
9.4033e-01
9.6001e-01
9.0844e-01
6.8646e-01
7.6438e-01
5.4798e-01
6.3065e-01
6.9487e-01
5.0977e-01
3.3740e-01
6.7327e-01
8.3819e-01
3.4430e-01
3.5398e-01
7.0279e-01
9.1508e-01
4.9076e-01
5.6636e-01
6.6425e-01
5.0341e-01
5.9701e-01
9.2451e-01
8.3365e-01
5.6647e-01
9.4764e-02
5.1940e-01
9.0278e-01
8.8895e-01
9.4033e-01
4.2514e-01
3.1731e-01
4.4511e-01
2.6042e-01
5.6108e-01
3.7447e-01
4.5229e-01
5.4010e-01
4.2412e-01
3.4052e-01
3.5398e-01
6.4458e-01
3.5437e-01
5.1729e-01
8.3569e-01
7.1963e-01
7.0625e-01
5.3561e-02
6.2752e-01
8.9571e-01
7.7140e-01
9.2167e-01
7.5556e-01
6.9783e-01
3.1731e-01
6.0392e-01
4.0469e-01
3.9368e-01
7.6438e-01
9.6242e-01
5.9897e-01
5.0386e-01
8.5573e-01
6.2948e-01
7.5348e-01
9.6001e-01
5.6804e-01
7.6853e-01
6.6237e-01
4.7077e-01
5.6499e-01
8.8544e-01
8.2449e-01
5.2564e-01
6.3940e-01
8.0462e-01
5.3802e-01
6.7205e-01
4.2412e-01
7.5792e-01
4.0469e-01
6.3066e-01
3.5437e-01
8.9370e-01
5.0977e-01
6.6755e-01
9.5538e-01
8.5276e-01
4.9627e-01
9.7296e-01
6.4985e-01
3.9127e-01
6.7205e-01
9.3500e-01
6.8136e-01
9.0835e-01
5.4745e-01
6.2982e-01
7.7802e-01
6.2982e-01
6.5451e-01
9.2209e-01
4.1709e-01
9.7685e-01
5.6177e-01
3.5837e-01
8.2741e-01
8.0602e-01
3.8552e-01
6.3013e-01
4.5313e-01
9.7718e-01
9.1399e-01
9.4764e-02
6.1785e-01
4.9996e-01
3.8116e-01
5.6177e-01
8.9684e-01
8.1475e-01
6.7634e-01
3.7286e-01
7.6526e-01
5.3059e-01
6.3190e-01
6.3522e-01
4.0499e-01
9.5538e-01
6.4797e-01
6.9487e-01
6.7831e-01
4.6948e-01
5.0341e-01
3.6195e-01
4.5526e-01
9.3043e-01
9.6699e-01
7.3463e-01
5.4745e-01
6.7327e-01
7.3463e-01
4.7077e-01
5.8140e-01
5.2481e-01
4.4949e-01
8.8544e-01
9.4835e-01
6.5532e-01
8.0462e-01
5.4010e-01
4.5526e-01
4.1848e-01
3.3740e-01
5.4798e-01
8.2413e-01
5.4711e-01
3.9368e-01
7.8569e-01
9.5766e-01
5.3802e-01
6.3190e-01
6.4985e-01
9.4835e-01
6.7831e-01
9.6699e-01
8.3595e-01
4.4949e-01
5.4526e-01
5.0386e-01
9.4145e-01
6.3066e-01
4.9307e-01
7.0279e-01
4.4511e-01
6.3204e-01
8.3365e-01
9.2451e-01
9.0278e-01
8.9976e-01
8.5276e-01
7.3007e-01
8.5417e-01
8.4540e-01
6.6111e-01
6.3065e-01
6.1267e-01
8.5746e-01
5.6108e-01
8.3602e-01
9.7897e-01
6.3522e-01
9.2752e-01
8.1475e-01
9.1612e-01
8.4512e-01
4.5313e-01
6.3330e-01
6.3330e-01
8.3569e-01
9.3043e-01
