8.5820e-01
5.6055e-01
8.5948e-01
7.0056e-01
9.9597e-01
4.5807e-01
8.6182e-01
8.5397e-01
6.3784e-01
8.8169e-01
9.6655e-01
8.1418e-01
5.2027e-01
5.2267e-01
5.2713e-01
5.4550e-01
7.6187e-01
5.7224e-01
5.3822e-01
5.0726e-01
6.3465e-01
9.5016e-01
4.2684e-01
9.7175e-01
5.8419e-01
8.6395e-01
9.4676e-01
8.5397e-01
6.9566e-01
4.7562e-01
2.2370e-01
6.1123e-01
9.0409e-01
7.5135e-01
5.6638e-01
5.4924e-01
8.0456e-01
5.4616e-01
6.9602e-01
5.0720e-01
8.6072e-01
9.6496e-01
9.4746e-01
7.2489e-01
6.1576e-01
9.3154e-01
9.6293e-01
6.7001e-01
8.3528e-01
6.1034e-01
8.3304e-01
5.3515e-01
9.2622e-01
7.5245e-01
8.0456e-01
6.9566e-01
5.9581e-01
9.0409e-01
4.6078e-01
8.8169e-01
8.2855e-01
4.2197e-01
9.0510e-01
9.0510e-01
6.9289e-01
7.5408e-01
6.5348e-01
4.5300e-01
8.6203e-01
6.7001e-01
4.2197e-01
8.8996e-01
9.5928e-01
4.7107e-01
9.1642e-01
5.6524e-01
9.7579e-01
6.3784e-01
4.7107e-01
1.0072e+00
5.8378e-01
4.7488e-01
4.7726e-01
4.2684e-01
8.5531e-01
6.8201e-01
4.7488e-01
8.7069e-01
8.7122e-01
8.5948e-01
8.7069e-01
8.1616e-01
8.2657e-01
8.1454e-01
8.9512e-01
6.8116e-01
2.7524e-01
1.0102e+00
7.3610e-01
6.7713e-01
6.0661e-01
6.0441e-01
8.3311e-01
8.4990e-01
8.0647e-01
8.3304e-01
7.7384e-01
6.2185e-01
7.3610e-01
8.6203e-01
6.0679e-01
8.2049e-01
5.0337e-01
9.8517e-01
7.5477e-01
3.9741e-01
6.3478e-01
8.1351e-01
5.2391e-01
8.5287e-01
6.9226e-01
5.7224e-01
7.7066e-01
9.9752e-01
5.0720e-01
7.7135e-01
6.7713e-01
6.0665e-01
8.1652e-01
6.1123e-01
7.6187e-01
6.1275e-01
8.2590e-01
4.3480e-01
9.6713e-01
1.0160e+00
8.5531e-01
5.4550e-01
8.2445e-01
6.0971e-01
6.6889e-01
6.3475e-01
6.7084e-01
5.7730e-01
9.2957e-01
7.7384e-01
5.0337e-01
5.8888e-01
7.4171e-01
8.1351e-01
6.0661e-01
5.2391e-01
6.1275e-01
5.6594e-01
5.6638e-01
8.3853e-01
7.9622e-01
6.8381e-01
1.7378e-01
4.8796e-01
1.0020e+00
9.8833e-01
9.6713e-01
5.7655e-01
5.5133e-01
5.6836e-01
4.7891e-01
5.5956e-01
4.7562e-01
5.7554e-01
5.5416e-01
4.8470e-01
1.8865e-01
5.8888e-01
8.4226e-01
5.3080e-01
6.0679e-01
7.2248e-01
7.6806e-01
8.4990e-01
2.2370e-01
6.3478e-01
9.8299e-01
5.0726e-01
8.6668e-01
6.0665e-01
6.5348e-01
5.5133e-01
7.2489e-01
5.8216e-01
3.9894e-01
8.2445e-01
9.6502e-01
8.1418e-01
6.5955e-01
8.2590e-01
6.2185e-01
8.1454e-01
1.0160e+00
6.8602e-01
8.0647e-01
3.7649e-01
5.7290e-01
6.9226e-01
9.2908e-01
9.9597e-01
5.9581e-01
6.8116e-01
8.3352e-01
7.0264e-01
5.8012e-01
4.8470e-01
9.6546e-01
5.8216e-01
7.5894e-01
5.3080e-01
8.6182e-01
6.7084e-01
7.7066e-01
5.9229e-01
8.2728e-01
4.3480e-01
9.2622e-01
8.3096e-01
5.2027e-01
5.8012e-01
8.9512e-01
6.9562e-01
9.6293e-01
6.4649e-01
8.6942e-01
8.0968e-01
8.6942e-01
7.3018e-01
9.5016e-01
5.4616e-01
9.9752e-01
6.6178e-01
4.5807e-01
8.2855e-01
9.0729e-01
4.7515e-01
7.5135e-01
7.6835e-01
9.5877e-01
9.6655e-01
1.7378e-01
8.8996e-01
4.5300e-01
4.6078e-01
6.6178e-01
8.4627e-01
8.6657e-01
8.3311e-01
7.5357e-01
8.7842e-01
5.8419e-01
7.3803e-01
7.2105e-01
4.7726e-01
5.9229e-01
5.3515e-01
6.3475e-01
6.5797e-01
6.1576e-01
5.6594e-01
5.2713e-01
5.4087e-01
9.7639e-01
9.8597e-01
5.3740e-01
6.4649e-01
9.2957e-01
5.3740e-01
5.7290e-01
5.2267e-01
7.5245e-01
5.5571e-01
9.2908e-01
6.6821e-01
5.8378e-01
8.3352e-01
5.5416e-01
5.4087e-01
2.7524e-01
5.7730e-01
6.0971e-01
9.1642e-01
7.0056e-01
3.9894e-01
8.2049e-01
9.7934e-01
7.0264e-01
7.3803e-01
8.3096e-01
6.6821e-01
6.5797e-01
9.8597e-01
5.5904e-01
5.5571e-01
6.3465e-01
6.5955e-01
9.5534e-01
7.5894e-01
3.9741e-01
7.4171e-01
5.6836e-01
6.0441e-01
7.9622e-01
8.3853e-01
1.0020e+00
8.5820e-01
8.2728e-01
6.7470e-01
8.6395e-01
8.1616e-01
6.9289e-01
6.6889e-01
8.1652e-01
9.6496e-01
5.5956e-01
8.3528e-01
1.0102e+00
7.2105e-01
9.4625e-01
8.6657e-01
6.9602e-01
7.9702e-01
7.6835e-01
8.1752e-01
8.1752e-01
7.2248e-01
9.7639e-01
