5.6104e-01
5.6104e-01
5.6104e-01
1.2737e+00
5.6113e-01
5.6104e-01
5.6104e-01
5.6104e-01
5.6104e-01
5.6104e-01
5.6106e-01
5.6104e-01
5.6104e-01
5.6104e-01
5.6104e-01
5.6104e-01
5.6104e-01
5.6104e-01
5.6104e-01
5.6104e-01
5.6104e-01
1.2737e+00
5.6104e-01
1.2737e+00
5.6104e-01
5.6104e-01
5.6104e-01
5.6104e-01
5.6104e-01
5.6104e-01
5.6104e-01
5.6109e-01
5.6104e-01
5.6104e-01
5.6104e-01
5.6104e-01
5.6112e-01
5.6104e-01
5.6104e-01
5.6104e-01
5.6104e-01
5.6104e-01
1.2097e+00
5.6104e-01
5.6104e-01
5.6104e-01
5.6104e-01
5.6104e-01
5.6104e-01
5.6104e-01
5.6112e-01
5.6104e-01
5.6105e-01
5.6104e-01
5.6112e-01
5.6104e-01
5.6104e-01
5.6104e-01
5.6104e-01
5.6104e-01
5.6104e-01
5.6104e-01
5.6112e-01
5.6112e-01
5.6104e-01
5.6104e-01
5.6104e-01
5.6104e-01
5.6104e-01
5.6104e-01
5.6104e-01
5.6199e-01
1.2737e+00
5.6104e-01
1.2737e+00
5.6104e-01
1.2530e+00
5.6104e-01
5.6104e-01
5.6696e-01
5.6104e-01
5.6104e-01
5.6104e-01
5.6104e-01
5.6104e-01
5.6104e-01
5.6104e-01
5.6104e-01
5.6104e-01
5.6104e-01
5.6104e-01
5.6104e-01
5.6112e-01
5.6104e-01
5.6104e-01
5.6104e-01
5.6104e-01
1.2725e+00
5.6104e-01
5.6104e-01
5.6104e-01
5.6104e-01
1.2737e+00
5.6104e-01
5.6104e-01
5.6112e-01
5.6104e-01
5.6104e-01
5.6104e-01
5.6104e-01
5.6104e-01
5.6104e-01
5.6104e-01
5.6111e-01
5.6104e-01
5.6104e-01
5.6112e-01
5.6105e-01
5.6104e-01
5.6104e-01
5.6104e-01
5.6104e-01
5.6104e-01
1.2737e+00
5.6104e-01
5.6104e-01
5.6104e-01
5.6104e-01
5.6112e-01
5.6109e-01
5.6104e-01
5.6104e-01
5.6104e-01
5.6104e-01
5.6820e-01
5.6104e-01
5.6104e-01
5.6104e-01
5.6104e-01
5.6104e-01
5.6104e-01
5.6104e-01
5.6104e-01
5.6104e-01
5.6104e-01
5.6104e-01
5.6104e-01
5.6104e-01
5.6104e-01
5.6105e-01
5.6104e-01
5.6104e-01
5.6104e-01
5.6104e-01
5.6104e-01
5.6104e-01
5.6104e-01
5.6104e-01
5.6104e-01
5.6104e-01
5.6104e-01
5.6104e-01
5.6820e-01
5.6104e-01
5.6104e-01
5.6104e-01
5.6104e-01
5.6104e-01
5.6104e-01
5.6104e-01
5.6104e-01
5.6104e-01
5.6104e-01
5.6104e-01
5.6104e-01
5.6104e-01
5.6104e-01
1.2734e+00
5.6104e-01
5.6104e-01
5.6104e-01
5.6112e-01
1.2285e+00
5.6104e-01
5.6104e-01
5.6104e-01
5.6104e-01
5.6104e-01
5.6104e-01
5.6104e-01
5.6104e-01
5.6104e-01
5.6104e-01
5.6104e-01
5.6112e-01
5.6104e-01
5.6104e-01
5.6104e-01
5.6104e-01
5.6104e-01
5.6104e-01
5.6104e-01
1.2719e+00
5.6104e-01
5.6104e-01
5.6113e-01
5.6104e-01
5.6104e-01
5.6104e-01
5.6107e-01
5.6104e-01
5.6104e-01
5.6104e-01
5.6104e-01
1.2593e+00
5.6104e-01
5.6104e-01
5.6104e-01
5.6104e-01
5.6104e-01
1.2737e+00
5.6104e-01
5.6105e-01
5.6104e-01
5.6104e-01
5.6104e-01
5.6104e-01
5.6104e-01
5.6104e-01
5.6104e-01
5.6104e-01
5.6104e-01
5.6104e-01
5.6110e-01
1.2737e+00
5.6104e-01
1.2737e+00
5.6104e-01
5.6104e-01
5.6104e-01
5.6104e-01
5.6104e-01
5.6104e-01
5.6104e-01
5.6512e-01
5.6106e-01
5.6104e-01
5.6199e-01
5.6104e-01
5.6104e-01
5.6104e-01
1.2737e+00
5.6104e-01
1.2737e+00
1.2737e+00
5.6104e-01
5.6104e-01
5.6104e-01
5.6104e-01
5.6104e-01
5.6104e-01
5.6104e-01
5.6104e-01
5.6104e-01
5.6104e-01
5.6104e-01
5.6104e-01
5.6104e-01
5.6104e-01
1.2737e+00
5.6104e-01
5.6104e-01
5.6104e-01
5.6104e-01
1.2719e+00
5.6104e-01
5.6104e-01
5.6104e-01
5.6104e-01
5.6104e-01
5.6104e-01
5.6104e-01
5.6104e-01
5.6104e-01
5.6104e-01
5.6104e-01
5.6104e-01
1.2737e+00
1.2737e+00
5.6104e-01
5.6104e-01
1.2737e+00
5.6107e-01
5.6104e-01
5.6104e-01
5.6104e-01
5.6104e-01
1.2737e+00
5.6104e-01
5.6104e-01
5.6104e-01
5.6112e-01
5.6104e-01
1.2593e+00
5.6104e-01
5.6104e-01
5.6104e-01
5.6104e-01
5.6104e-01
5.6104e-01
5.6104e-01
5.6104e-01
1.2737e+00
5.6104e-01
5.6104e-01
5.6104e-01
5.6104e-01
5.6104e-01
5.6112e-01
5.6104e-01
5.6104e-01
5.6104e-01
1.2725e+00
5.6104e-01
5.6104e-01
5.6104e-01
5.6104e-01
5.6104e-01
5.6104e-01
5.6104e-01
5.6104e-01
1.2734e+00
5.6104e-01
