8.9549e-01
5.3967e-01
8.8660e-01
6.4211e-01
8.0877e-01
4.8010e-01
7.5916e-01
8.8413e-01
6.9615e-01
8.3120e-01
9.1919e-01
6.9616e-01
4.5987e-01
6.6255e-01
4.2514e-01
5.6711e-01
6.8279e-01
5.2920e-01
5.6302e-01
5.5392e-01
5.4813e-01
9.4261e-01
3.7100e-01
9.5903e-01
5.8550e-01
9.3874e-01
8.4197e-01
8.8413e-01
9.0925e-01
5.1290e-01
2.2151e-01
6.1228e-01
8.2192e-01
6.7365e-01
5.4456e-01
6.6541e-01
7.8619e-01
5.2557e-01
7.2707e-01
5.9888e-01
9.1042e-01
7.9457e-01
9.0046e-01
7.1643e-01
6.8883e-01
9.7642e-01
9.8666e-01
6.7994e-01
8.8177e-01
5.3789e-01
7.9022e-01
5.1632e-01
9.5468e-01
7.0197e-01
7.8619e-01
9.0925e-01
4.3614e-01
8.2192e-01
4.6895e-01
8.3120e-01
7.3271e-01
5.4100e-01
6.4447e-01
6.4447e-01
6.9482e-01
7.6144e-01
8.0641e-01
4.7189e-01
7.9196e-01
6.7994e-01
5.4100e-01
5.8858e-01
9.4909e-01
3.7850e-01
7.9195e-01
6.0918e-01
9.2381e-01
6.9615e-01
3.7850e-01
9.9900e-01
5.9970e-01
4.5955e-01
5.0980e-01
3.7100e-01
7.7322e-01
7.9647e-01
4.5955e-01
9.0339e-01
7.1114e-01
8.8660e-01
9.0339e-01
8.8869e-01
9.3514e-01
7.4057e-01
9.0736e-01
7.0498e-01
2.8059e-01
9.4388e-01
7.1410e-01
6.6313e-01
5.3129e-01
5.1002e-01
8.3642e-01
8.2144e-01
7.3146e-01
7.9022e-01
7.5195e-01
6.7281e-01
7.1410e-01
7.9196e-01
5.8401e-01
8.6993e-01
5.7420e-01
9.3882e-01
7.4786e-01
3.1861e-01
7.2736e-01
7.7940e-01
6.4393e-01
8.6021e-01
6.3955e-01
5.2920e-01
8.7363e-01
9.8370e-01
5.9888e-01
7.1817e-01
6.6313e-01
6.2643e-01
6.1123e-01
6.1228e-01
6.8279e-01
7.7829e-01
9.6171e-01
5.6273e-01
9.6825e-01
9.7498e-01
7.7322e-01
5.6711e-01
8.2922e-01
4.1644e-01
5.9564e-01
6.9476e-01
6.8271e-01
4.0042e-01
8.9960e-01
7.5195e-01
5.7420e-01
5.9587e-01
4.9951e-01
7.7940e-01
5.3129e-01
6.4393e-01
7.7829e-01
5.5271e-01
5.4456e-01
8.7116e-01
6.5966e-01
6.5001e-01
1.6897e-01
5.1704e-01
9.7783e-01
9.6723e-01
9.6825e-01
6.2752e-01
4.9723e-01
5.1637e-01
3.6041e-01
5.8246e-01
5.1290e-01
4.7664e-01
5.5398e-01
4.7538e-01
1.8379e-01
5.9587e-01
7.4703e-01
6.0618e-01
5.8401e-01
8.7652e-01
8.1425e-01
8.2144e-01
2.2151e-01
7.2736e-01
9.7414e-01
5.5392e-01
9.4818e-01
6.2643e-01
8.0641e-01
4.9723e-01
7.1643e-01
5.1322e-01
4.9442e-01
8.2922e-01
9.8226e-01
6.9616e-01
4.7001e-01
9.6171e-01
6.7281e-01
7.4057e-01
9.7498e-01
5.6075e-01
7.3146e-01
6.4260e-01
8.4993e-01
6.3955e-01
9.3213e-01
8.0877e-01
4.3614e-01
7.0498e-01
9.7053e-01
5.8650e-01
7.2249e-01
4.7538e-01
8.7042e-01
5.1322e-01
7.6811e-01
6.0618e-01
7.5916e-01
6.8271e-01
8.7363e-01
6.7528e-01
8.6287e-01
5.6273e-01
9.5468e-01
7.5976e-01
4.5987e-01
7.2249e-01
9.0736e-01
7.0953e-01
9.8666e-01
7.6325e-01
7.4531e-01
7.4848e-01
7.4531e-01
4.6675e-01
9.4261e-01
5.2557e-01
9.8370e-01
5.8839e-01
4.8010e-01
7.3271e-01
7.4823e-01
4.2328e-01
6.7365e-01
8.5408e-01
9.7069e-01
9.1919e-01
1.6897e-01
5.8858e-01
4.7189e-01
4.6895e-01
5.8839e-01
9.1025e-01
8.7104e-01
8.3642e-01
5.0351e-01
8.0661e-01
5.8550e-01
7.3710e-01
6.9831e-01
5.0980e-01
6.7528e-01
5.1632e-01
6.9476e-01
6.6462e-01
6.8883e-01
5.5271e-01
4.2514e-01
5.3150e-01
9.3878e-01
9.8205e-01
5.9411e-01
7.6325e-01
8.9960e-01
5.9411e-01
8.4993e-01
6.6255e-01
7.0197e-01
5.1037e-01
9.3213e-01
8.5259e-01
5.9970e-01
9.7053e-01
5.5398e-01
5.3150e-01
2.8059e-01
4.0042e-01
4.1644e-01
7.9195e-01
6.4211e-01
4.9442e-01
8.6993e-01
9.7092e-01
5.8650e-01
7.3710e-01
7.5976e-01
8.5259e-01
6.6462e-01
9.8205e-01
7.3128e-01
5.1037e-01
5.4813e-01
4.7001e-01
9.6364e-01
7.6811e-01
3.1861e-01
4.9951e-01
5.1637e-01
5.1002e-01
6.5966e-01
8.7116e-01
9.7783e-01
8.9549e-01
8.6287e-01
7.0239e-01
9.3874e-01
8.8869e-01
6.9482e-01
5.9564e-01
6.1123e-01
7.9457e-01
5.8246e-01
8.8177e-01
9.4388e-01
6.9831e-01
9.8275e-01
8.7104e-01
7.2707e-01
8.2855e-01
8.5408e-01
7.0309e-01
7.0309e-01
8.7652e-01
9.3878e-01
