5.5380e-01
-2.3057e-02
5.9404e-01
9.4394e-03
6.7877e-01
-4.6298e-02
5.6627e-01
6.5732e-01
7.6640e-03
2.1842e-01
6.7334e-01
5.3225e-02
-4.9166e-02
4.7469e-01
-1.1402e-02
-2.2164e-02
-2.8599e-02
2.6417e-01
4.2110e-01
1.3465e-01
-4.8598e-02
6.7279e-01
-2.3364e-02
8.0910e-01
-4.6404e-02
6.6303e-01
-5.1297e-02
6.5732e-01
5.9523e-01
-4.9125e-02
1.7974e-01
6.6829e-01
6.7421e-01
8.9312e-02
-3.0042e-02
-2.5631e-02
6.6123e-01
-4.8611e-02
6.7036e-01
-2.2753e-02
6.6996e-01
6.7009e-01
6.8034e-01
-3.9726e-02
-3.0365e-02
6.6759e-01
6.6739e-01
-2.1378e-02
-2.3071e-02
-2.8331e-02
5.3311e-01
-3.1156e-02
6.7235e-01
-5.1329e-02
6.6123e-01
5.9523e-01
-2.2971e-02
6.7421e-01
3.6658e-01
2.1842e-01
7.0261e-01
5.8401e-01
6.7205e-01
6.7205e-01
5.6541e-01
6.6194e-01
6.6345e-01
-2.7367e-02
6.7303e-01
-2.1378e-02
5.8401e-01
7.8481e-01
7.3322e-01
-4.6241e-02
6.9494e-01
-2.3173e-02
7.0873e-01
7.6641e-03
-4.6241e-02
7.3796e-01
4.1091e-02
-4.5061e-02
-4.0732e-02
-2.3364e-02
6.5631e-01
-4.4313e-02
-4.5061e-02
6.6567e-01
5.5940e-01
5.9404e-01
6.6567e-01
5.5206e-01
6.7630e-01
-4.8989e-02
6.7112e-01
4.6741e-01
-4.9112e-02
7.2589e-01
4.3079e-01
-4.9389e-02
-4.7280e-02
1.0830e-01
7.9387e-01
6.5727e-01
7.1924e-01
5.3311e-01
2.4152e-01
-4.6940e-02
4.3079e-01
6.7303e-01
5.9860e-01
6.6464e-01
-2.3144e-02
7.2624e-01
6.4471e-01
-4.9030e-02
5.7528e-01
6.7131e-01
6.5451e-01
6.6874e-01
-3.8007e-02
2.6417e-01
-4.9183e-02
7.0866e-01
-2.2753e-02
7.1744e-01
-4.9389e-02
6.0877e-01
6.5594e-01
6.6829e-01
-2.8599e-02
-7.2370e-03
6.8072e-01
-3.5642e-02
6.6373e-01
7.9736e-01
6.5631e-01
-2.2164e-02
6.6856e-01
1.3205e-01
6.0820e-01
1.1041e-02
6.5818e-01
5.1365e-01
6.6440e-01
2.4152e-01
-2.3144e-02
-3.8706e-02
3.4692e-01
6.7131e-01
-4.7280e-02
6.5451e-01
-7.2369e-03
-4.9083e-02
-3.0042e-02
6.6074e-01
-1.9531e-02
6.1846e-01
6.2998e-01
-4.9101e-02
-4.4606e-02
7.2486e-01
6.6373e-01
-4.8796e-02
-4.8820e-02
3.0978e-01
-4.9082e-02
-4.9164e-02
-4.9125e-02
5.4673e-01
-1.7604e-02
-5.0146e-02
-4.9103e-02
-3.8706e-02
7.1727e-01
-4.3793e-02
5.9860e-01
7.2578e-01
7.1572e-01
6.5727e-01
1.7974e-01
5.7528e-01
7.2342e-01
1.3465e-01
-4.7678e-02
6.0877e-01
6.6345e-01
-4.8820e-02
-3.9726e-02
-4.9237e-02
-4.8750e-02
6.6856e-01
4.6836e-02
5.3225e-02
8.3705e-02
6.8072e-01
-4.6940e-02
-4.8989e-02
7.9736e-01
-2.1323e-02
7.1924e-01
5.6655e-01
6.5497e-01
-3.8007e-02
6.7184e-01
6.7877e-01
-2.2971e-02
4.6741e-01
6.7173e-01
2.7155e-02
4.4721e-02
-5.0146e-02
-9.6111e-03
-4.9237e-02
7.2035e-01
-4.3793e-02
5.6627e-01
6.5818e-01
-4.9183e-02
6.6964e-01
7.2586e-01
-3.5642e-02
6.7235e-01
6.6399e-01
-4.9166e-02
4.4721e-02
6.7112e-01
5.5769e-01
6.6739e-01
6.6037e-01
6.5858e-01
5.5282e-01
6.5858e-01
6.1467e-01
6.7279e-01
-4.8611e-02
7.0866e-01
-4.0626e-02
-4.6298e-02
7.0261e-01
6.2594e-01
-4.9198e-02
8.9312e-02
4.0547e-01
7.2593e-01
6.7334e-01
6.2998e-01
7.8481e-01
-2.7367e-02
3.6658e-01
-4.0626e-02
6.8449e-01
-4.3794e-02
7.9387e-01
6.6613e-01
5.6033e-01
-4.6404e-02
6.7222e-01
3.5541e-01
-4.0732e-02
6.6964e-01
-3.1156e-02
1.1041e-02
4.1828e-02
-3.0365e-02
-4.9083e-02
-1.1402e-02
-3.8266e-02
6.6251e-01
8.0834e-01
-4.2941e-02
6.6037e-01
6.6440e-01
-4.2941e-02
6.5497e-01
4.7469e-01
-5.1329e-02
-4.6270e-02
6.7184e-01
6.6538e-01
4.1091e-02
6.7173e-01
-1.7604e-02
-3.8266e-02
-4.9112e-02
5.1365e-01
1.3205e-01
6.9494e-01
9.4394e-03
-4.8750e-02
6.6464e-01
7.1404e-01
2.7155e-02
6.7222e-01
6.6399e-01
6.6538e-01
4.1828e-02
8.0834e-01
6.6189e-01
-4.6270e-02
-4.8598e-02
8.3704e-02
7.0889e-01
7.2035e-01
-4.9030e-02
3.4692e-01
3.0978e-01
1.0830e-01
-1.9531e-02
6.6074e-01
-4.4606e-02
5.5380e-01
7.2586e-01
-4.5359e-02
6.6303e-01
5.5206e-01
5.6541e-01
6.0820e-01
6.5594e-01
6.7009e-01
-4.9164e-02
-2.3071e-02
7.2589e-01
3.5541e-01
2.2646e-01
-4.3794e-02
6.7036e-01
3.5550e-02
4.0547e-01
6.6440e-01
6.6440e-01
7.2578e-01
6.6251e-01
