8.9388e-01
5.7265e-01
8.2160e-01
5.6953e-01
9.4411e-01
6.0661e-01
8.3943e-01
9.1579e-01
7.1442e-01
8.6878e-01
9.4503e-01
8.5751e-01
4.9624e-01
3.9294e-01
5.2131e-01
6.6001e-01
7.4163e-01
5.7990e-01
4.8916e-01
6.9018e-01
6.5785e-01
9.2741e-01
4.7926e-01
9.2354e-01
6.5373e-01
7.1157e-01
8.6691e-01
9.1579e-01
9.1853e-01
4.8182e-01
2.1029e-01
6.6010e-01
8.8759e-01
7.6956e-01
6.2848e-01
5.3699e-01
7.9177e-01
4.3802e-01
8.4034e-01
5.9385e-01
8.4124e-01
8.8329e-01
9.0635e-01
7.9054e-01
6.5930e-01
9.2868e-01
9.3736e-01
7.3636e-01
7.8776e-01
5.6376e-01
8.4366e-01
7.8492e-01
9.9527e-01
7.5355e-01
7.9177e-01
9.1853e-01
6.3134e-01
8.8759e-01
4.7447e-01
8.6878e-01
8.8412e-01
6.3983e-01
6.6592e-01
6.6592e-01
7.5435e-01
7.1806e-01
6.9521e-01
5.1515e-01
8.8766e-01
7.3636e-01
6.3983e-01
7.7778e-01
9.6139e-01
5.4847e-01
8.9044e-01
5.8571e-01
9.6072e-01
7.1442e-01
5.4847e-01
9.8637e-01
6.7870e-01
5.7587e-01
5.6313e-01
4.7926e-01
8.6545e-01
8.1228e-01
5.7587e-01
9.1107e-01
7.6159e-01
8.2160e-01
9.1107e-01
8.5827e-01
8.3746e-01
8.0507e-01
9.7176e-01
7.1181e-01
4.2487e-01
1.0015e+00
7.3882e-01
6.5345e-01
5.3061e-01
7.2388e-01
7.8984e-01
7.5022e-01
9.1863e-01
8.4366e-01
8.6957e-01
7.8654e-01
7.3882e-01
8.8766e-01
5.9960e-01
8.3178e-01
4.7946e-01
9.5897e-01
6.6555e-01
4.6965e-01
7.9651e-01
8.9203e-01
8.4646e-01
8.6468e-01
6.6063e-01
5.7990e-01
6.9081e-01
9.9628e-01
5.9385e-01
8.8025e-01
6.5345e-01
7.4421e-01
6.3650e-01
6.6010e-01
7.4163e-01
6.8498e-01
8.1076e-01
4.2624e-01
9.9399e-01
9.7393e-01
8.6545e-01
6.6001e-01
7.9502e-01
5.0754e-01
6.3471e-01
6.9222e-01
6.9774e-01
4.4616e-01
9.1383e-01
8.6957e-01
4.7946e-01
5.8189e-01
8.0402e-01
8.9203e-01
5.3061e-01
8.4646e-01
6.8498e-01
7.1455e-01
6.2848e-01
9.5341e-01
8.8313e-01
6.9839e-01
2.8156e-01
5.2347e-01
9.7828e-01
2.8307e-01
9.9399e-01
5.7961e-01
5.8402e-01
5.0383e-01
4.6167e-01
5.1890e-01
4.8182e-01
6.5083e-01
5.8190e-01
4.4763e-01
2.2995e-01
5.8189e-01
8.2252e-01
6.1730e-01
5.9960e-01
7.9832e-01
7.9556e-01
7.5022e-01
2.1029e-01
7.9651e-01
9.5414e-01
6.9018e-01
8.8653e-01
7.4421e-01
6.9521e-01
5.8402e-01
7.9054e-01
4.9497e-01
4.3791e-01
7.9502e-01
9.3882e-01
8.5751e-01
5.1167e-01
8.1076e-01
7.8654e-01
8.0507e-01
9.7393e-01
7.2938e-01
9.1863e-01
3.6237e-01
1.6336e-01
6.6063e-01
9.2011e-01
9.4411e-01
6.3134e-01
7.1181e-01
7.4157e-01
5.6347e-01
7.3090e-01
4.4763e-01
8.2976e-01
4.9497e-01
1.2541e-02
6.1730e-01
8.3943e-01
6.9774e-01
6.9081e-01
9.8944e-01
8.2980e-01
4.2624e-01
9.9527e-01
8.6979e-01
4.9624e-01
7.3090e-01
9.7176e-01
6.9362e-01
9.3736e-01
8.0497e-01
6.9735e-01
8.0049e-01
6.9735e-01
6.3012e-01
9.2741e-01
4.3802e-01
9.9628e-01
5.5795e-01
6.0661e-01
8.8412e-01
8.8981e-01
4.9961e-01
7.6956e-01
4.9467e-01
9.9911e-01
9.4503e-01
2.8156e-01
7.7778e-01
5.1515e-01
4.7447e-01
5.5795e-01
9.2170e-01
8.6078e-01
7.8984e-01
3.5631e-01
8.8555e-01
6.5373e-01
7.4318e-01
7.5877e-01
5.6313e-01
9.8944e-01
7.8492e-01
6.9222e-01
7.6795e-01
6.5930e-01
7.1455e-01
5.2131e-01
3.5446e-01
9.2730e-01
9.8751e-01
8.0233e-01
8.0497e-01
9.1383e-01
8.0233e-01
1.6336e-01
3.9294e-01
7.5355e-01
5.6243e-01
9.2011e-01
9.0780e-01
6.7870e-01
7.4157e-01
5.8190e-01
3.5446e-01
4.2487e-01
4.4616e-01
5.0754e-01
8.9044e-01
5.6953e-01
4.3791e-01
8.3178e-01
9.8946e-01
5.6347e-01
7.4318e-01
8.6979e-01
9.0780e-01
7.6795e-01
9.8751e-01
6.4173e-01
5.6243e-01
6.5785e-01
5.1167e-01
9.6079e-01
1.2541e-02
4.6965e-01
8.0402e-01
5.0383e-01
7.2388e-01
8.8313e-01
9.5341e-01
9.7828e-01
8.9388e-01
8.2980e-01
7.5521e-01
7.1157e-01
8.5827e-01
7.5435e-01
6.3471e-01
6.3650e-01
8.8329e-01
5.1890e-01
7.8776e-01
1.0015e+00
7.5877e-01
9.5443e-01
8.6078e-01
8.4034e-01
8.0219e-01
4.9467e-01
7.1119e-01
7.1119e-01
7.9832e-01
9.2730e-01
