1.3157e+00
7.1775e-01
7.0480e-01
7.0532e-01
8.9409e-01
7.0123e-01
7.0097e-01
1.3156e+00
1.3109e+00
7.0097e-01
7.0097e-01
7.0103e-01
7.0748e-01
7.1884e-01
7.9329e-01
8.5535e-01
1.0549e+00
7.2578e-01
7.0097e-01
7.0859e-01
7.1891e-01
8.3454e-01
7.0962e-01
7.0097e-01
7.9594e-01
7.4350e-01
1.0887e+00
1.3156e+00
7.0098e-01
1.1779e+00
1.2157e+00
7.1378e-01
1.3155e+00
1.3151e+00
1.3133e+00
7.2055e-01
7.0097e-01
7.0097e-01
1.3025e+00
7.1909e-01
8.9615e-01
1.3139e+00
7.2034e-01
1.3150e+00
7.1747e-01
7.2566e-01
1.3155e+00
7.2797e-01
7.0101e-01
7.1614e-01
8.5743e-01
7.2708e-01
1.0256e+00
1.3148e+00
7.0097e-01
7.0098e-01
7.1874e-01
1.3155e+00
7.6531e-01
7.0097e-01
1.2806e+00
7.0345e-01
1.3155e+00
1.3155e+00
1.3155e+00
8.1844e-01
1.3155e+00
7.1699e-01
1.3153e+00
7.2797e-01
7.0345e-01
8.5331e-01
1.3156e+00
8.1686e-01
8.9196e-01
7.1696e-01
1.3156e+00
1.3109e+00
8.1686e-01
9.6434e-01
7.2300e-01
7.1704e-01
7.0412e-01
7.0962e-01
7.1145e-01
8.8891e-01
7.1704e-01
1.3157e+00
7.3552e-01
7.0480e-01
1.3157e+00
1.3153e+00
1.3139e+00
1.3148e+00
8.9390e-01
8.7347e-01
1.3063e+00
1.3153e+00
7.2248e-01
7.2275e-01
7.1844e-01
1.3155e+00
9.2363e-01
7.0097e-01
7.0097e-01
8.5743e-01
9.1631e-01
1.3136e+00
7.2248e-01
1.3153e+00
8.4027e-01
7.9646e-01
7.1812e-01
1.3156e+00
7.0936e-01
1.3149e+00
7.4352e-01
1.3156e+00
7.0097e-01
8.9343e-01
9.8988e-01
7.2578e-01
1.1411e+00
8.6343e-01
7.1909e-01
1.3156e+00
7.2275e-01
1.3149e+00
9.4012e-01
7.1378e-01
1.0549e+00
7.0489e-01
1.3068e+00
1.3056e+00
7.0097e-01
1.1424e+00
7.1145e-01
8.5535e-01
1.3155e+00
7.0400e-01
1.3156e+00
8.5257e-01
8.4321e-01
7.0422e-01
7.0922e-01
9.1631e-01
7.1812e-01
1.3149e+00
7.3164e-01
1.3156e+00
7.1844e-01
7.0097e-01
7.0489e-01
7.1582e-01
1.3133e+00
8.0405e-01
7.0097e-01
9.8817e-01
1.2686e+00
7.1665e-01
8.7518e-01
1.3156e+00
7.0097e-01
8.4455e-01
7.1878e-01
1.0152e+00
7.1712e-01
7.1591e-01
1.1779e+00
7.1816e-01
8.7324e-01
8.4882e-01
7.0162e-01
1.3149e+00
7.0114e-01
7.0097e-01
8.4027e-01
7.0510e-01
7.0097e-01
7.0097e-01
1.2157e+00
7.4352e-01
8.9741e-01
7.0859e-01
1.2513e+00
1.3149e+00
1.3155e+00
7.1878e-01
1.3150e+00
1.1151e+00
8.5278e-01
1.3155e+00
1.3157e+00
7.0103e-01
7.0097e-01
1.3068e+00
1.3136e+00
1.3148e+00
1.1424e+00
8.7063e-01
7.0097e-01
7.9167e-01
7.0099e-01
9.8988e-01
8.6489e-01
8.9409e-01
7.1874e-01
8.7347e-01
7.8279e-01
1.3155e+00
7.0097e-01
8.4882e-01
7.0097e-01
1.1151e+00
1.3139e+00
7.0097e-01
7.0097e-01
8.4321e-01
1.1411e+00
1.2999e+00
7.0097e-01
1.3056e+00
1.0256e+00
7.0097e-01
7.0748e-01
7.0097e-01
8.9390e-01
8.1680e-01
1.3155e+00
7.0097e-01
7.0577e-01
7.7872e-01
7.0577e-01
9.8280e-01
8.3454e-01
7.0097e-01
8.6343e-01
1.3155e+00
7.0123e-01
1.2806e+00
1.3157e+00
7.1741e-01
1.3151e+00
1.3075e+00
1.3157e+00
7.0097e-01
1.2686e+00
8.5331e-01
7.1699e-01
7.6531e-01
1.3155e+00
7.0112e-01
1.1248e+00
9.2363e-01
1.3156e+00
7.0159e-01
7.9594e-01
7.0100e-01
7.1904e-01
7.0412e-01
1.2999e+00
7.2708e-01
8.5257e-01
8.2969e-01
7.1747e-01
7.1582e-01
7.9329e-01
7.0097e-01
1.3154e+00
1.3157e+00
7.1973e-01
7.0097e-01
7.0922e-01
7.1973e-01
7.0099e-01
7.1884e-01
1.3148e+00
7.1877e-01
8.6489e-01
7.0097e-01
7.2300e-01
7.8279e-01
8.7324e-01
7.0097e-01
1.3063e+00
7.0422e-01
7.0400e-01
8.9196e-01
7.0532e-01
8.5278e-01
7.9646e-01
7.5005e-01
1.3155e+00
7.0100e-01
7.0097e-01
7.0097e-01
8.2969e-01
1.3157e+00
7.0097e-01
7.1877e-01
7.1891e-01
7.0097e-01
1.3154e+00
1.3139e+00
1.3149e+00
7.3164e-01
1.0152e+00
1.3155e+00
7.0097e-01
8.0405e-01
8.7518e-01
1.3157e+00
7.0097e-01
1.3156e+00
7.4350e-01
1.3153e+00
1.3155e+00
1.3156e+00
9.4012e-01
1.3139e+00
7.1591e-01
7.0101e-01
1.3153e+00
7.1904e-01
1.3156e+00
1.1248e+00
1.3025e+00
1.3105e+00
1.3075e+00
9.9304e-01
9.9304e-01
7.0510e-01
1.3154e+00
