8.5459e-01
5.0596e-01
7.0910e-01
4.1701e-01
8.6616e-01
4.0634e-01
9.1454e-01
6.8449e-01
6.6052e-01
8.7232e-01
6.0714e-01
9.6018e-01
4.1050e-01
4.7304e-01
4.8135e-01
4.0326e-01
6.9714e-01
3.9825e-01
4.4878e-01
5.7725e-01
4.4645e-01
9.2150e-01
4.0439e-01
9.8911e-01
4.1774e-01
8.1919e-01
6.4478e-01
6.8449e-01
6.2506e-01
4.6067e-01
4.5529e-01
4.8180e-01
7.5275e-01
8.0065e-01
4.8870e-01
5.2405e-01
7.5608e-01
4.3480e-01
6.8452e-01
4.4249e-01
8.7566e-01
8.1199e-01
9.1542e-01
5.5498e-01
4.4244e-01
9.3477e-01
8.7921e-01
5.8658e-01
8.1645e-01
4.7246e-01
8.4265e-01
6.0331e-01
8.8751e-01
6.1411e-01
7.5608e-01
6.2506e-01
4.6352e-01
7.5275e-01
5.3831e-01
8.7232e-01
4.6638e-01
5.3696e-01
5.6212e-01
5.6212e-01
5.0819e-01
6.4428e-01
5.4657e-01
3.9898e-01
8.4996e-01
5.8658e-01
5.3696e-01
7.2682e-01
8.4821e-01
4.6876e-01
7.4595e-01
5.4885e-01
9.0601e-01
6.6052e-01
4.6876e-01
1.0075e+00
5.2734e-01
5.0156e-01
5.3391e-01
4.0439e-01
5.6196e-01
7.0271e-01
5.0156e-01
6.1079e-01
5.9304e-01
7.0910e-01
6.1079e-01
8.0163e-01
7.0961e-01
6.1095e-01
9.3820e-01
5.4719e-01
3.4727e-01
9.8219e-01
4.6712e-01
6.8927e-01
4.5750e-01
5.4706e-01
5.8246e-01
7.6210e-01
5.1184e-01
8.4265e-01
7.2843e-01
5.5532e-01
4.6712e-01
8.4996e-01
4.9457e-01
8.4984e-01
3.6181e-01
8.5685e-01
7.7245e-01
3.8169e-01
7.1534e-01
6.6855e-01
5.9763e-01
8.1952e-01
5.5197e-01
3.9825e-01
8.2215e-01
9.6916e-01
4.4249e-01
6.3524e-01
6.8927e-01
4.5499e-01
5.0297e-01
4.8180e-01
6.9714e-01
7.9469e-01
8.1780e-01
4.6285e-01
9.7634e-01
9.9239e-01
5.6196e-01
4.0326e-01
6.2524e-01
5.6918e-01
8.1757e-01
7.9210e-01
5.7903e-01
4.4484e-01
9.5147e-01
7.2843e-01
3.6181e-01
5.6103e-01
7.7901e-01
6.6855e-01
4.5750e-01
5.9763e-01
7.9469e-01
4.9837e-01
4.8870e-01
8.2281e-01
7.9739e-01
7.0503e-01
4.6221e-01
4.1400e-01
9.4661e-01
9.1002e-01
9.7634e-01
4.6042e-01
4.0440e-01
4.3475e-01
4.1613e-01
5.2036e-01
4.6067e-01
5.0033e-01
4.3645e-01
3.6501e-01
4.5487e-01
5.6103e-01
6.7653e-01
5.8856e-01
4.9457e-01
7.9498e-01
7.4559e-01
7.6210e-01
4.5529e-01
7.1534e-01
9.4197e-01
5.7725e-01
8.3122e-01
4.5499e-01
5.4657e-01
4.0440e-01
5.5498e-01
4.4917e-01
3.9117e-01
6.2524e-01
9.9142e-01
9.6018e-01
4.0121e-01
8.1780e-01
5.5532e-01
6.1095e-01
9.9239e-01
8.3517e-01
5.1184e-01
9.2449e-01
7.3616e-01
5.5197e-01
8.8989e-01
8.6616e-01
4.6352e-01
5.4719e-01
4.6201e-01
5.3454e-01
5.2205e-01
3.6501e-01
8.3116e-01
4.4917e-01
8.9471e-01
5.8856e-01
9.1454e-01
5.7903e-01
8.2215e-01
5.4720e-01
8.5740e-01
4.6285e-01
8.8751e-01
8.6510e-01
4.1050e-01
5.2205e-01
9.3820e-01
5.7245e-01
8.7921e-01
6.5199e-01
6.4359e-01
8.5465e-01
6.4359e-01
6.3604e-01
9.2150e-01
4.3480e-01
9.6916e-01
5.1019e-01
4.0634e-01
4.6638e-01
7.6223e-01
3.9128e-01
8.0065e-01
4.6855e-01
9.5115e-01
6.0714e-01
4.6221e-01
7.2682e-01
3.9898e-01
5.3831e-01
5.1019e-01
8.0961e-01
6.8987e-01
5.8246e-01
5.7209e-01
7.6795e-01
4.1774e-01
7.7286e-01
6.4592e-01
5.3391e-01
5.4720e-01
6.0331e-01
7.9210e-01
5.8373e-01
4.4244e-01
4.9837e-01
4.8135e-01
4.1871e-01
7.9172e-01
1.0078e+00
5.7406e-01
6.5199e-01
9.5147e-01
5.7406e-01
7.3616e-01
4.7304e-01
6.1411e-01
4.0568e-01
8.8989e-01
6.2086e-01
5.2734e-01
4.6201e-01
4.3645e-01
4.1871e-01
3.4727e-01
4.4484e-01
5.6918e-01
7.4595e-01
4.1701e-01
3.9117e-01
8.4984e-01
9.3562e-01
5.3454e-01
7.7286e-01
8.6510e-01
6.2086e-01
5.8373e-01
1.0078e+00
3.9411e-01
4.0568e-01
4.4645e-01
4.0121e-01
8.0932e-01
8.9471e-01
3.8169e-01
7.7901e-01
4.3475e-01
5.4706e-01
7.9739e-01
8.2281e-01
9.4661e-01
8.5459e-01
8.5740e-01
5.1186e-01
8.1919e-01
8.0163e-01
5.0819e-01
8.1757e-01
5.0297e-01
8.1199e-01
5.2036e-01
8.1645e-01
9.8219e-01
6.4592e-01
6.5899e-01
6.8987e-01
6.8452e-01
5.6657e-01
4.6855e-01
7.6440e-01
7.6440e-01
7.9498e-01
7.9172e-01
