9.0408e-01
7.0899e-01
8.8907e-01
8.7410e-01
7.3911e-01
5.5394e-01
8.9098e-01
8.7883e-01
8.4238e-01
8.9316e-01
9.4824e-01
8.8555e-01
6.1850e-01
4.1979e-01
6.2957e-01
5.9913e-01
8.0783e-01
6.9357e-01
5.3955e-01
6.8057e-01
5.3030e-01
9.4252e-01
5.0235e-01
9.5620e-01
6.5034e-01
8.4951e-01
8.3951e-01
8.7883e-01
8.3849e-01
4.7972e-01
1.9618e-01
7.6068e-01
9.3681e-01
7.2907e-01
6.7154e-01
6.7678e-01
8.7996e-01
5.4935e-01
8.6107e-01
6.8729e-01
9.1062e-01
9.3096e-01
9.4465e-01
7.9364e-01
7.2965e-01
9.3850e-01
9.4366e-01
6.3271e-01
9.1891e-01
6.4589e-01
8.3456e-01
7.6107e-01
9.5706e-01
6.8983e-01
8.7996e-01
8.3849e-01
6.4185e-01
9.3681e-01
7.2327e-01
8.9316e-01
8.7280e-01
7.7173e-01
7.9846e-01
7.9846e-01
7.4362e-01
8.4986e-01
8.9765e-01
5.6917e-01
9.4169e-01
6.3271e-01
7.7173e-01
9.3338e-01
9.4062e-01
5.4501e-01
8.5714e-01
6.5692e-01
9.3423e-01
8.4238e-01
5.4501e-01
9.5221e-01
7.8693e-01
6.5748e-01
7.9147e-01
5.0235e-01
8.9507e-01
8.5736e-01
6.5748e-01
8.7777e-01
8.5425e-01
8.8907e-01
8.7777e-01
8.8305e-01
9.3996e-01
7.4975e-01
6.6126e-01
7.9106e-01
1.9725e-01
9.5931e-01
6.8882e-01
7.1377e-01
5.8105e-01
8.0559e-01
8.5790e-01
7.0995e-01
6.7658e-01
8.3456e-01
8.3700e-01
7.4341e-01
6.8882e-01
9.4169e-01
6.4643e-01
8.3337e-01
5.9892e-01
9.2820e-01
5.9817e-01
4.6499e-01
7.8845e-01
8.7893e-01
8.5131e-01
9.2077e-01
7.3622e-01
6.9357e-01
8.7453e-01
9.6625e-01
6.8729e-01
8.4029e-01
7.1377e-01
8.3360e-01
8.4554e-01
7.6068e-01
8.0783e-01
7.2285e-01
9.4749e-01
2.3361e-01
9.6295e-01
9.6098e-01
8.9507e-01
5.9913e-01
8.8001e-01
7.9303e-01
8.0903e-01
7.9786e-01
7.0713e-01
5.4731e-01
8.3550e-01
8.3700e-01
5.9892e-01
5.5449e-01
7.0367e-01
8.7893e-01
5.8105e-01
8.5131e-01
7.2285e-01
6.1133e-01
6.7154e-01
9.0723e-01
7.4026e-01
7.6744e-01
3.9351e-01
4.1602e-01
9.4876e-01
9.5028e-01
9.6295e-01
7.4670e-01
5.0383e-01
6.2553e-01
4.8557e-01
6.7727e-01
4.7972e-01
5.7804e-01
6.0517e-01
3.7255e-01
2.0662e-01
5.5449e-01
7.5129e-01
8.1552e-01
6.4643e-01
8.4845e-01
7.9253e-01
7.0995e-01
1.9618e-01
7.8845e-01
9.3482e-01
6.8057e-01
9.2365e-01
8.3360e-01
8.9765e-01
5.0383e-01
7.9364e-01
5.8668e-01
5.5637e-01
8.8001e-01
9.4649e-01
8.8555e-01
6.8092e-01
9.4749e-01
7.4341e-01
7.4975e-01
9.6098e-01
5.8595e-01
6.7658e-01
5.0986e-01
5.1743e-01
7.3622e-01
9.3727e-01
7.3911e-01
6.4185e-01
7.9106e-01
9.5559e-01
4.7819e-01
8.4542e-01
3.7255e-01
8.7014e-01
5.8668e-01
8.8381e-01
8.1552e-01
8.9098e-01
7.0713e-01
8.7453e-01
7.0953e-01
8.3527e-01
2.3361e-01
9.5706e-01
9.0202e-01
6.1850e-01
8.4542e-01
6.6126e-01
7.6259e-01
9.4366e-01
8.3430e-01
6.7030e-01
8.4398e-01
6.7030e-01
7.4503e-01
9.4252e-01
5.4935e-01
9.6625e-01
7.1596e-01
5.5394e-01
8.7280e-01
8.7562e-01
3.9586e-01
7.2907e-01
8.0046e-01
9.5751e-01
9.4824e-01
3.9351e-01
9.3338e-01
5.6917e-01
7.2327e-01
7.1596e-01
9.3764e-01
7.8179e-01
8.5790e-01
6.4669e-01
8.5819e-01
6.5034e-01
8.0500e-01
6.6832e-01
7.9147e-01
7.0953e-01
7.6107e-01
7.9786e-01
7.3603e-01
7.2965e-01
6.1133e-01
6.2957e-01
6.2434e-01
9.4672e-01
9.6790e-01
8.2974e-01
8.3430e-01
8.3550e-01
8.2974e-01
5.1743e-01
4.1979e-01
6.8983e-01
5.6686e-01
9.3727e-01
9.2759e-01
7.8693e-01
9.5559e-01
6.0517e-01
6.2434e-01
1.9725e-01
5.4731e-01
7.9303e-01
8.5714e-01
8.7410e-01
5.5637e-01
8.3337e-01
9.6167e-01
4.7819e-01
8.0500e-01
9.0202e-01
9.2759e-01
7.3603e-01
9.6790e-01
7.8599e-01
5.6686e-01
5.3030e-01
6.8092e-01
9.4699e-01
8.8381e-01
4.6499e-01
7.0367e-01
6.2553e-01
8.0559e-01
7.4026e-01
9.0723e-01
9.4876e-01
9.0408e-01
8.3527e-01
7.4572e-01
8.4951e-01
8.8305e-01
7.4362e-01
8.0903e-01
8.4554e-01
9.3096e-01
6.7727e-01
9.1891e-01
9.5931e-01
6.6832e-01
9.4604e-01
7.8179e-01
8.6107e-01
8.1577e-01
8.0046e-01
8.0168e-01
8.0168e-01
8.4845e-01
9.4672e-01
