8.3830e-01
5.9611e-01
8.2298e-01
6.4099e-01
8.7622e-01
4.3795e-01
7.5064e-01
8.2872e-01
5.5106e-01
9.0688e-01
9.6609e-01
9.0066e-01
4.1911e-01
4.4181e-01
4.5571e-01
6.3607e-01
6.9906e-01
5.3437e-01
4.5427e-01
6.3217e-01
5.1155e-01
9.0894e-01
3.1308e-01
9.6702e-01
5.2763e-01
8.7249e-01
8.6944e-01
8.2872e-01
7.3277e-01
4.1692e-01
1.9678e-01
5.7051e-01
7.7797e-01
7.3230e-01
4.6195e-01
6.1210e-01
7.9544e-01
4.3013e-01
7.0746e-01
5.9264e-01
7.9847e-01
7.8500e-01
8.8222e-01
5.7473e-01
5.9266e-01
9.7907e-01
9.5353e-01
5.1322e-01
9.0552e-01
4.9157e-01
7.7443e-01
6.5908e-01
9.3840e-01
6.4183e-01
7.9544e-01
7.3277e-01
4.5796e-01
7.7797e-01
4.9585e-01
9.0688e-01
8.1819e-01
4.9482e-01
8.1438e-01
8.1438e-01
6.9353e-01
7.6595e-01
7.0827e-01
4.4484e-01
9.0831e-01
5.1322e-01
4.9482e-01
8.2388e-01
9.4833e-01
3.6694e-01
8.0882e-01
5.5757e-01
9.3067e-01
5.5106e-01
3.6694e-01
9.9135e-01
5.9669e-01
5.5794e-01
6.1668e-01
3.1308e-01
8.0864e-01
7.0668e-01
5.5794e-01
7.1944e-01
6.5399e-01
8.2298e-01
7.1944e-01
7.5381e-01
8.1765e-01
6.3733e-01
7.5033e-01
6.5494e-01
2.9193e-01
9.8492e-01
6.8977e-01
6.7874e-01
4.2748e-01
6.1526e-01
7.5819e-01
8.5688e-01
8.1685e-01
7.7443e-01
8.0838e-01
6.8457e-01
6.8977e-01
9.0831e-01
5.7454e-01
7.3100e-01
4.6384e-01
9.5164e-01
7.2882e-01
3.7946e-01
8.5170e-01
7.2051e-01
7.9406e-01
8.2262e-01
6.1771e-01
5.3437e-01
7.4884e-01
9.7542e-01
5.9264e-01
7.7007e-01
6.7874e-01
7.4871e-01
7.2784e-01
5.7051e-01
6.9906e-01
6.0105e-01
8.6048e-01
4.4249e-01
9.7971e-01
9.4052e-01
8.0864e-01
6.3607e-01
7.2378e-01
6.7914e-01
5.6298e-01
6.4035e-01
6.0570e-01
4.3134e-01
9.5206e-01
8.0838e-01
4.6384e-01
6.2928e-01
7.6575e-01
7.2051e-01
4.2748e-01
7.9406e-01
6.0105e-01
4.6593e-01
4.6195e-01
9.5679e-01
6.3403e-01
7.1721e-01
1.7586e-01
5.6450e-01
9.6722e-01
9.9145e-01
9.7971e-01
5.0842e-01
4.2269e-01
4.7644e-01
3.0208e-01
5.0408e-01
4.1692e-01
5.6773e-01
5.1510e-01
3.5690e-01
5.9959e-02
6.2928e-01
7.0210e-01
4.8468e-01
5.7454e-01
8.1264e-01
8.4540e-01
8.5688e-01
1.9678e-01
8.5170e-01
9.0306e-01
6.3217e-01
8.4586e-01
7.4871e-01
7.0827e-01
4.2269e-01
5.7473e-01
5.3851e-01
4.5886e-01
7.2378e-01
9.4412e-01
9.0066e-01
6.0317e-01
8.6048e-01
6.8457e-01
6.3733e-01
9.4052e-01
5.4501e-01
8.1685e-01
4.5462e-01
1.5026e-01
6.1771e-01
8.4116e-01
8.7622e-01
4.5796e-01
6.5494e-01
8.1983e-01
6.1283e-01
7.4351e-01
3.5690e-01
8.3801e-01
5.3851e-01
9.3517e-01
4.8468e-01
7.5064e-01
6.0570e-01
7.4884e-01
9.8077e-01
8.4551e-01
4.4249e-01
9.3840e-01
8.8528e-01
4.1911e-01
7.4351e-01
7.5033e-01
6.2624e-01
9.5353e-01
7.1871e-01
7.1186e-01
8.1834e-01
7.1186e-01
6.9998e-01
9.0894e-01
4.3013e-01
9.7542e-01
6.0636e-01
4.3795e-01
8.1819e-01
8.3192e-01
3.5127e-01
7.3230e-01
7.9294e-01
9.5921e-01
9.6609e-01
1.7586e-01
8.2388e-01
4.4484e-01
4.9585e-01
6.0636e-01
9.1208e-01
8.2030e-01
7.5819e-01
7.6877e-01
7.7461e-01
5.2763e-01
7.1129e-01
6.7872e-01
6.1668e-01
9.8077e-01
6.5908e-01
6.4035e-01
7.9024e-01
5.9266e-01
4.6593e-01
4.5571e-01
3.8347e-01
7.6133e-01
9.9098e-01
5.8899e-01
7.1871e-01
9.5206e-01
5.8899e-01
1.5026e-01
4.4181e-01
6.4183e-01
4.6177e-01
8.4116e-01
5.3011e-01
5.9669e-01
8.1983e-01
5.1510e-01
3.8347e-01
2.9193e-01
4.3134e-01
6.7914e-01
8.0882e-01
6.4099e-01
4.5886e-01
7.3100e-01
9.8166e-01
6.1283e-01
7.1129e-01
8.8528e-01
5.3011e-01
7.9024e-01
9.9098e-01
3.4708e-01
4.6177e-01
5.1155e-01
6.0317e-01
9.5825e-01
9.3517e-01
3.7946e-01
7.6575e-01
4.7644e-01
6.1526e-01
6.3403e-01
9.5679e-01
9.6722e-01
8.3830e-01
8.4551e-01
5.7040e-01
8.7249e-01
7.5381e-01
6.9353e-01
5.6298e-01
7.2784e-01
7.8500e-01
5.0408e-01
9.0552e-01
9.8492e-01
6.7872e-01
9.7059e-01
8.2030e-01
7.0746e-01
7.5936e-01
7.9294e-01
6.5851e-01
6.5851e-01
8.1264e-01
7.6133e-01
