7.1101e-01
6.8039e-01
7.1198e-01
6.7424e-01
7.1149e-01
6.5524e-01
7.1199e-01
6.3569e-01
6.3616e-01
7.0207e-01
7.1199e-01
7.1147e-01
6.4641e-01
6.6659e-01
6.6731e-01
6.4597e-01
7.1199e-01
6.6895e-01
6.9044e-01
6.4461e-01
6.8002e-01
7.1199e-01
6.9888e-01
6.6599e-01
6.4719e-01
7.1199e-01
7.0952e-01
6.3569e-01
7.1199e-01
4.0520e-01
7.1199e-01
6.4824e-01
6.4036e-01
7.1199e-01
6.5653e-01
6.4672e-01
7.0801e-01
6.7153e-01
7.1199e-01
6.7744e-01
6.4960e-01
7.1198e-01
6.7769e-01
6.7309e-01
6.7125e-01
7.1199e-01
7.1199e-01
6.4614e-01
6.8626e-01
6.4612e-01
7.0496e-01
6.3332e-01
7.1199e-01
7.1199e-01
7.0801e-01
7.1199e-01
6.8006e-01
6.4036e-01
6.7868e-01
7.0207e-01
7.1194e-01
7.1199e-01
6.4217e-01
6.4217e-01
6.4822e-01
7.1199e-01
1.0045e-01
6.5449e-01
7.1145e-01
6.4614e-01
7.1199e-01
7.1199e-01
6.4546e-01
7.1139e-01
7.1199e-01
6.7153e-01
6.7976e-01
6.3616e-01
7.1139e-01
6.4640e-01
6.4819e-01
6.7460e-01
7.1190e-01
6.9888e-01
7.1199e-01
7.1199e-01
6.7460e-01
7.1199e-01
7.1199e-01
7.1198e-01
7.1199e-01
7.1198e-01
6.7811e-01
7.1198e-01
6.9540e-01
6.7622e-01
3.8614e-01
7.1196e-01
6.4298e-01
7.1199e-01
6.4924e-01
6.6211e-01
7.1199e-01
7.0775e-01
6.4412e-01
7.0496e-01
7.1199e-01
6.5081e-01
6.4298e-01
7.1145e-01
6.7021e-01
6.6815e-01
6.8972e-01
6.3122e-01
6.9057e-01
6.9864e-01
7.1199e-01
7.1199e-01
7.1199e-01
6.4499e-01
7.1199e-01
6.6895e-01
7.1198e-01
7.0050e-01
6.7744e-01
6.6513e-01
7.1199e-01
7.1198e-01
6.5914e-01
6.4824e-01
7.1199e-01
7.0506e-01
2.5949e-01
2.7184e-01
6.4784e-01
7.1199e-01
7.1199e-01
6.4597e-01
6.6371e-01
7.1178e-01
6.4606e-01
6.4642e-01
6.2992e-01
7.1199e-01
7.0066e-01
7.1199e-01
6.8972e-01
6.5122e-01
6.5688e-01
7.1199e-01
6.4924e-01
7.1199e-01
7.0506e-01
6.9166e-01
6.5653e-01
7.1199e-01
6.7841e-01
7.1198e-01
-1.5535e-02
6.7168e-01
7.1199e-01
6.5984e-01
6.4784e-01
6.4830e-01
6.7959e-01
6.5249e-01
6.7150e-01
6.7020e-01
4.0520e-01
6.8437e-01
6.9831e-01
6.8008e-01
6.7121e-01
6.5122e-01
6.6303e-01
7.1199e-01
6.7021e-01
7.1193e-01
7.1199e-01
7.0775e-01
7.1199e-01
7.1199e-01
6.7326e-01
6.4461e-01
7.1199e-01
7.1198e-01
1.0045e-01
6.7959e-01
6.7309e-01
6.4748e-01
6.9962e-01
6.6371e-01
7.1199e-01
7.1147e-01
7.1158e-01
2.5949e-01
6.5081e-01
7.1198e-01
7.1199e-01
6.9442e-01
6.4412e-01
7.1199e-01
4.6749e-01
7.1199e-01
7.1199e-01
7.1149e-01
6.8006e-01
6.7622e-01
7.1190e-01
6.6115e-01
6.9409e-01
6.8008e-01
6.8652e-01
6.4748e-01
7.1199e-01
7.1199e-01
7.1199e-01
6.2992e-01
7.1198e-01
7.0749e-01
7.0221e-01
2.7184e-01
7.1199e-01
7.1187e-01
6.4641e-01
6.9409e-01
6.9540e-01
7.1199e-01
7.1199e-01
6.7870e-01
7.1198e-01
6.7274e-01
7.1198e-01
7.1199e-01
7.1199e-01
6.7153e-01
7.0050e-01
6.5708e-01
6.5524e-01
7.1194e-01
7.0864e-01
7.0627e-01
7.1199e-01
6.5336e-01
7.1194e-01
7.1199e-01
-1.5535e-02
7.1199e-01
6.5449e-01
6.7868e-01
6.5708e-01
7.1199e-01
6.6405e-01
7.1199e-01
7.1195e-01
6.4607e-01
6.4719e-01
7.1198e-01
6.4654e-01
7.1190e-01
7.0749e-01
6.3332e-01
6.4642e-01
6.5473e-01
6.7125e-01
6.9166e-01
6.6731e-01
6.7436e-01
6.4254e-01
5.7052e-01
7.1172e-01
6.7870e-01
7.0066e-01
7.1172e-01
4.6749e-01
6.6659e-01
7.1199e-01
6.8006e-01
7.1199e-01
6.4641e-01
6.4819e-01
7.1190e-01
6.9831e-01
6.7436e-01
3.8614e-01
7.1199e-01
7.1178e-01
7.1199e-01
6.7424e-01
6.9962e-01
6.6815e-01
6.4688e-01
6.6115e-01
7.1198e-01
7.1187e-01
6.4641e-01
6.5473e-01
5.7052e-01
7.1198e-01
6.8006e-01
6.8002e-01
7.1158e-01
2.9343e-01
7.1199e-01
6.9864e-01
6.5688e-01
6.5249e-01
6.6211e-01
6.7841e-01
7.1199e-01
7.1199e-01
7.1101e-01
7.0221e-01
6.8815e-01
7.1199e-01
7.1198e-01
6.4822e-01
6.4606e-01
6.5914e-01
7.1198e-01
6.7020e-01
6.8626e-01
7.1196e-01
6.4654e-01
7.1166e-01
6.6405e-01
7.1199e-01
7.1199e-01
6.5336e-01
7.1193e-01
7.1193e-01
7.1193e-01
6.4254e-01
