6.3039e-01
6.3012e-01
6.3042e-01
6.3012e-01
6.3767e-01
6.3011e-01
6.3844e-01
6.8140e-01
6.3120e-01
6.3011e-01
7.9647e-01
9.8399e-01
6.3011e-01
6.3013e-01
6.3012e-01
6.3015e-01
6.3016e-01
6.3010e-01
6.3012e-01
9.8412e-01
6.3012e-01
9.7817e-01
6.3011e-01
9.8335e-01
6.5228e-01
9.8417e-01
7.7147e-01
6.8140e-01
6.3019e-01
6.3012e-01
6.3060e-01
6.3012e-01
6.3016e-01
6.3010e-01
6.3012e-01
6.4177e-01
6.3011e-01
6.3012e-01
6.3009e-01
6.3012e-01
6.3214e-01
6.3016e-01
9.8165e-01
6.3009e-01
6.3011e-01
6.3013e-01
6.3011e-01
6.3012e-01
6.3009e-01
6.3011e-01
6.3011e-01
6.3009e-01
9.1750e-01
6.3105e-01
6.3011e-01
6.3019e-01
6.3012e-01
6.3016e-01
6.4388e-01
6.3011e-01
9.8217e-01
6.3015e-01
6.3027e-01
6.3027e-01
6.3033e-01
6.3342e-01
6.3013e-01
6.3097e-01
9.8411e-01
6.3012e-01
6.3015e-01
6.3061e-01
9.8416e-01
6.3010e-01
9.8194e-01
6.3012e-01
9.8417e-01
6.3120e-01
6.3010e-01
9.8195e-01
6.3012e-01
6.3012e-01
6.3011e-01
6.3011e-01
8.9444e-01
6.3010e-01
6.3012e-01
6.3009e-01
6.3127e-01
6.3042e-01
6.3009e-01
6.3010e-01
6.3014e-01
6.3010e-01
6.3011e-01
6.3012e-01
6.3012e-01
9.8093e-01
6.3012e-01
6.3009e-01
6.3011e-01
6.3023e-01
6.3016e-01
6.3020e-01
6.3011e-01
6.3011e-01
6.3010e-01
6.3014e-01
6.3012e-01
9.8411e-01
6.3011e-01
6.3012e-01
6.3016e-01
9.8411e-01
6.3011e-01
6.3049e-01
6.3193e-01
6.6041e-01
9.5438e-01
6.3308e-01
6.3023e-01
6.3010e-01
6.3090e-01
9.8417e-01
6.3012e-01
9.8413e-01
6.3009e-01
6.3016e-01
6.3017e-01
6.3012e-01
6.3016e-01
6.3011e-01
9.8318e-01
6.3011e-01
9.8412e-01
6.3009e-01
8.9444e-01
6.3015e-01
6.4646e-01
6.3367e-01
6.3052e-01
6.3017e-01
6.3010e-01
6.3010e-01
6.3011e-01
6.3010e-01
6.3016e-01
6.3012e-01
6.3012e-01
6.6041e-01
6.3011e-01
9.5438e-01
6.3011e-01
6.3010e-01
6.3012e-01
6.3009e-01
6.3012e-01
6.6936e-01
9.8413e-01
6.3012e-01
6.3009e-01
9.8417e-01
9.8412e-01
6.3012e-01
6.3011e-01
6.3012e-01
6.3012e-01
6.3012e-01
6.3012e-01
6.3011e-01
6.3012e-01
6.3010e-01
6.3010e-01
6.3012e-01
6.3434e-01
9.7415e-01
6.3011e-01
9.7633e-01
6.4328e-01
6.3020e-01
6.3060e-01
6.3193e-01
9.6816e-01
9.8412e-01
6.3107e-01
6.3016e-01
6.3013e-01
6.3011e-01
6.3009e-01
6.3013e-01
6.3011e-01
6.4646e-01
9.3508e-01
9.8399e-01
6.3013e-01
9.8318e-01
6.3014e-01
6.3010e-01
6.3009e-01
6.4111e-01
6.3011e-01
7.1768e-01
6.3036e-01
6.3023e-01
9.8262e-01
6.3767e-01
6.3012e-01
6.3012e-01
9.8196e-01
6.3009e-01
6.3013e-01
6.3010e-01
9.4231e-01
6.3013e-01
8.2576e-01
9.7415e-01
6.3844e-01
6.3010e-01
6.3090e-01
6.3776e-01
9.7637e-01
6.3011e-01
9.1750e-01
6.3123e-01
6.3011e-01
6.3013e-01
6.3011e-01
6.3124e-01
6.3011e-01
6.3010e-01
6.5506e-01
6.3009e-01
6.5506e-01
6.3212e-01
9.7817e-01
6.3012e-01
9.8417e-01
6.3012e-01
6.3011e-01
9.8217e-01
9.8361e-01
6.3010e-01
6.3010e-01
6.8823e-01
9.8412e-01
7.9647e-01
9.8413e-01
6.3061e-01
6.3097e-01
6.4388e-01
6.3012e-01
9.8276e-01
6.3058e-01
6.3016e-01
6.4406e-01
6.3013e-01
6.5228e-01
6.3566e-01
6.3012e-01
6.3011e-01
6.3776e-01
6.3009e-01
6.3017e-01
6.3012e-01
6.3011e-01
6.3010e-01
6.3012e-01
6.3017e-01
6.5940e-01
9.8410e-01
6.3016e-01
6.3010e-01
6.3011e-01
6.3016e-01
6.3036e-01
6.3013e-01
6.3105e-01
6.3012e-01
9.8262e-01
6.3011e-01
6.3012e-01
9.8196e-01
6.3012e-01
6.3017e-01
6.3012e-01
6.3010e-01
6.3367e-01
9.8194e-01
6.3012e-01
6.3011e-01
6.3012e-01
6.5895e-01
6.3009e-01
6.3566e-01
6.3123e-01
6.3011e-01
6.3012e-01
9.8410e-01
6.3009e-01
6.3012e-01
6.3012e-01
6.3013e-01
9.7855e-01
8.2576e-01
6.3049e-01
6.3012e-01
6.3012e-01
6.3023e-01
6.3012e-01
6.3009e-01
6.3009e-01
6.3039e-01
9.7637e-01
7.2084e-01
9.8417e-01
6.3010e-01
6.3033e-01
6.3052e-01
6.3017e-01
6.3016e-01
6.3012e-01
6.3009e-01
9.8093e-01
6.3012e-01
9.8404e-01
6.3058e-01
6.3009e-01
6.3020e-01
6.8823e-01
6.3009e-01
6.3009e-01
9.7633e-01
6.5940e-01
