8.6485e-01
5.1395e-01
4.6962e-01
1.1061e+00
1.0834e+00
5.0178e-01
1.1054e+00
1.0706e+00
5.2237e-01
5.1638e-01
4.9206e-01
1.1054e+00
4.1576e-01
5.0202e-01
1.0828e+00
5.1052e-01
1.0834e+00
5.1237e-01
4.1274e-01
8.3505e-01
5.0173e-01
1.0831e+00
4.2010e-01
1.1061e+00
5.0420e-01
8.1337e-01
1.0810e+00
1.0706e+00
6.6184e-01
4.8484e-01
1.0360e+00
6.1552e-01
5.3674e-01
5.2327e-01
5.0809e-01
5.1391e-01
1.0833e+00
4.1813e-01
1.1054e+00
1.0410e+00
4.0620e-01
1.0834e+00
6.8925e-01
6.2448e-01
4.0600e-01
4.3559e-01
4.8196e-01
5.1755e-01
4.3165e-01
4.3656e-01
1.0834e+00
4.0585e-01
6.3962e-01
4.1751e-01
1.0833e+00
6.6184e-01
5.1608e-01
5.3674e-01
1.0833e+00
5.1638e-01
6.1579e-01
1.0835e+00
1.0834e+00
1.0834e+00
1.0305e+00
1.1054e+00
4.1086e-01
4.1658e-01
1.0841e+00
5.1755e-01
1.0835e+00
1.1061e+00
1.0825e+00
5.0429e-01
6.5963e-01
4.1638e-01
1.0763e+00
5.2237e-01
5.0429e-01
6.6333e-01
4.2329e-01
5.0984e-01
5.0031e-01
4.2010e-01
1.0637e+00
8.1683e-01
5.0984e-01
1.0832e+00
1.0834e+00
4.6962e-01
1.0832e+00
5.1714e-01
4.6536e-01
5.9318e-01
4.1063e-01
5.3621e-01
4.8448e-01
1.0834e+00
5.0083e-01
4.5725e-01
4.1423e-01
4.1641e-01
1.1061e+00
1.0357e+00
9.0119e-01
1.0834e+00
5.0292e-01
4.1328e-01
5.0083e-01
1.0841e+00
4.1357e-01
4.1794e-01
5.1055e-01
7.7342e-01
7.9523e-01
4.1658e-01
1.0835e+00
5.1824e-01
1.0833e+00
4.0603e-01
5.0687e-01
5.1237e-01
1.0828e+00
7.0145e-01
1.0410e+00
4.8184e-01
4.5725e-01
4.1754e-01
4.1625e-01
6.1552e-01
1.0834e+00
5.0730e-01
5.5227e-01
4.1796e-01
1.1061e+00
1.0834e+00
1.0637e+00
5.1052e-01
5.1777e-01
7.6248e-01
1.0834e+00
5.4264e-01
6.7657e-01
4.4134e-01
4.6095e-01
5.0292e-01
5.1055e-01
4.2002e-01
1.0924e+00
5.1824e-01
4.1423e-01
1.0833e+00
5.0730e-01
4.6543e-01
5.0809e-01
1.0732e+00
4.1397e-01
4.4008e-01
1.0823e+00
4.1635e-01
4.2467e-01
7.2233e-01
1.1061e+00
4.2614e-01
5.0178e-01
4.1837e-01
4.1621e-01
4.1592e-01
4.8484e-01
1.0825e+00
4.1979e-01
4.2513e-01
4.5461e-01
4.2002e-01
4.7393e-01
7.2156e-01
4.1357e-01
7.4192e-01
5.2730e-01
1.0357e+00
1.0360e+00
1.0835e+00
1.1054e+00
8.3505e-01
1.0834e+00
4.1754e-01
4.1086e-01
5.0178e-01
6.2448e-01
4.2079e-01
4.1956e-01
5.1777e-01
1.0834e+00
1.1054e+00
4.1251e-01
5.5227e-01
4.1328e-01
5.9318e-01
1.0834e+00
1.0518e+00
9.0119e-01
5.3180e-01
1.0833e+00
5.0687e-01
7.9419e-01
1.0834e+00
5.1608e-01
5.3621e-01
6.6791e-01
1.0830e+00
7.4061e-01
4.2513e-01
4.1831e-01
4.2079e-01
4.0585e-01
7.2156e-01
1.1054e+00
6.7657e-01
1.0828e+00
4.2132e-01
6.2097e-01
4.1796e-01
6.3962e-01
9.0482e-01
4.1576e-01
7.4061e-01
4.1063e-01
8.0924e-01
4.8196e-01
5.5181e-01
4.9978e-01
1.0452e+00
4.9978e-01
4.8098e-01
1.0831e+00
4.1813e-01
7.0145e-01
1.0812e+00
5.0178e-01
6.1579e-01
4.3974e-01
5.0749e-01
5.2327e-01
1.0830e+00
6.7938e-01
4.9206e-01
1.0823e+00
1.1061e+00
4.1658e-01
1.0833e+00
1.0812e+00
6.1067e-01
6.3536e-01
1.1061e+00
4.8854e-01
5.3787e-01
5.0420e-01
5.1477e-01
4.2114e-01
5.0031e-01
4.2132e-01
4.0585e-01
5.4264e-01
1.1054e+00
4.0600e-01
4.6543e-01
1.0828e+00
5.1431e-01
4.8365e-01
1.1061e+00
4.8296e-01
5.5181e-01
4.6095e-01
4.8296e-01
1.0833e+00
5.0202e-01
4.1751e-01
5.0178e-01
7.9419e-01
4.1251e-01
4.2329e-01
6.6791e-01
4.1979e-01
5.1431e-01
4.8448e-01
4.4134e-01
7.6248e-01
6.5963e-01
1.1061e+00
4.1956e-01
4.1794e-01
7.4769e-01
1.0830e+00
5.1477e-01
9.0482e-01
4.1251e-01
1.1054e+00
1.1061e+00
5.7622e-01
5.0178e-01
5.0173e-01
4.1251e-01
4.0590e-01
4.0585e-01
4.1658e-01
1.0924e+00
4.1837e-01
4.1641e-01
4.1397e-01
1.0732e+00
4.2467e-01
8.6485e-01
6.2097e-01
7.2780e-01
8.1337e-01
5.1714e-01
1.0305e+00
1.0834e+00
4.1625e-01
1.0834e+00
4.1592e-01
4.3165e-01
1.0834e+00
4.2114e-01
1.1056e+00
6.3536e-01
1.1054e+00
5.1637e-01
1.0830e+00
4.5299e-01
4.5299e-01
7.4192e-01
4.8365e-01
