1.6021e+00
1.9981e-01
1.6232e+00
3.0400e-01
2.0022e-01
1.9980e-01
1.9980e-01
1.6233e+00
1.5155e+00
2.6652e-01
1.9982e-01
1.9980e-01
1.9980e-01
1.9980e-01
1.9980e-01
1.9989e-01
2.0099e-01
1.9980e-01
1.9980e-01
1.9982e-01
1.9980e-01
1.6233e+00
1.9980e-01
2.0100e-01
1.9980e-01
1.9960e-01
1.5969e+00
1.6233e+00
1.6056e+00
2.4571e-01
1.9980e-01
1.2159e+00
2.0000e-01
1.6233e+00
7.9056e-01
1.9980e-01
1.5212e+00
1.9980e-01
1.6232e+00
1.6203e+00
1.6233e+00
1.5840e+00
2.0149e-01
1.9980e-01
1.6233e+00
1.9980e-01
1.6232e+00
2.2037e-01
2.0163e-01
1.9980e-01
1.9980e-01
1.9980e-01
1.5119e+00
1.4219e-01
1.5212e+00
1.6056e+00
1.9980e-01
2.0000e-01
1.9989e-01
2.6652e-01
1.5966e+00
1.9980e-01
1.6188e+00
1.6188e+00
1.6220e+00
2.0078e-01
1.9981e-01
1.9980e-01
1.9980e-01
2.2037e-01
1.9980e-01
1.9982e-01
1.5288e+00
1.9980e-01
7.6613e-01
1.9980e-01
1.4460e+00
1.5155e+00
1.9980e-01
1.4178e+00
1.9980e-01
2.5364e-01
1.9980e-01
1.9980e-01
1.9981e-01
1.5939e+00
2.5364e-01
1.9980e-01
1.9980e-01
1.6232e+00
1.9980e-01
2.0931e-01
1.6229e+00
3.0522e-01
1.5520e+00
1.9980e-01
1.9980e-01
2.1242e-01
8.8342e-01
2.0009e-01
1.9980e-01
1.9980e-01
2.0044e-01
1.6209e+00
7.0468e-01
1.9980e-01
1.9980e-01
1.9980e-01
8.8342e-01
1.9980e-01
1.9980e-01
1.9980e-01
1.5953e+00
2.1419e-01
4.5856e-01
1.9980e-01
1.6190e+00
3.1390e-01
2.0785e-01
1.6233e+00
1.9980e-01
1.9980e-01
3.9037e-01
1.0069e+00
1.6203e+00
1.9980e-01
2.0009e-01
1.9980e-01
1.9980e-01
1.2159e+00
2.0099e-01
3.6491e-01
1.0066e+00
1.9982e-01
1.6233e+00
1.9980e-01
1.9981e-01
1.9989e-01
1.5915e+00
2.6987e-01
2.0182e-01
2.1009e-01
1.5822e+00
2.1574e-01
1.9980e-01
1.9980e-01
1.5953e+00
1.6232e+00
1.9984e-01
3.1390e-01
1.9980e-01
2.0785e-01
3.6491e-01
1.9980e-01
7.9056e-01
1.6122e+00
1.9980e-01
1.9980e-01
1.9980e-01
1.9980e-01
1.9980e-01
1.5296e+00
1.6233e+00
1.9980e-01
1.9980e-01
1.9984e-01
1.9980e-01
1.9980e-01
2.4571e-01
1.9980e-01
1.6231e+00
1.9980e-01
1.9980e-01
1.6232e+00
2.1214e-01
1.9980e-01
1.9980e-01
4.4053e-01
1.9980e-01
1.6209e+00
1.9980e-01
1.6190e+00
1.6233e+00
1.9982e-01
1.9980e-01
1.9980e-01
1.9981e-01
1.9980e-01
1.9980e-01
1.9980e-01
2.0051e-01
1.5915e+00
1.6223e+00
1.9980e-01
1.9980e-01
1.0066e+00
1.9980e-01
3.0522e-01
1.9980e-01
1.5434e+00
7.0468e-01
1.6232e+00
1.9980e-01
1.9980e-01
1.6203e+00
2.0022e-01
1.9980e-01
1.9980e-01
1.5627e+00
1.9980e-01
1.6233e+00
1.9980e-01
3.1184e-01
1.9980e-01
1.6233e+00
1.9980e-01
1.9980e-01
1.5822e+00
3.9037e-01
1.6233e+00
1.5637e+00
1.9982e-01
1.5119e+00
2.7447e-01
1.9980e-01
1.6233e+00
1.5520e+00
1.5639e+00
1.6232e+00
2.6133e-01
8.8351e-01
1.1087e+00
8.8351e-01
1.1474e+00
1.6233e+00
1.9980e-01
1.0069e+00
1.5896e+00
1.9980e-01
1.5966e+00
1.9980e-01
1.9980e-01
1.6233e+00
1.5185e+00
1.4268e+00
1.9982e-01
1.9980e-01
1.9982e-01
1.9980e-01
1.9989e-01
1.5896e+00
1.6233e+00
1.9980e-01
2.0044e-01
4.1371e-01
1.6007e+00
1.9980e-01
1.5701e+00
9.4232e-01
1.9980e-01
1.6233e+00
1.9980e-01
2.1009e-01
5.5997e-01
1.6233e+00
1.9980e-01
1.9980e-01
1.9980e-01
2.2274e-01
1.6233e+00
1.3419e+00
2.6133e-01
1.9980e-01
1.3419e+00
1.9980e-01
1.9980e-01
1.4219e-01
1.9980e-01
1.6203e+00
2.0775e-01
1.9980e-01
1.5627e+00
1.6231e+00
1.9980e-01
1.9980e-01
2.1574e-01
2.6987e-01
7.6613e-01
3.0400e-01
2.0051e-01
1.9980e-01
6.4714e-01
1.9980e-01
1.5701e+00
2.7447e-01
2.0775e-01
5.5997e-01
1.6233e+00
2.2013e-01
1.9980e-01
1.9980e-01
1.9980e-01
1.9980e-01
1.6233e+00
1.9980e-01
1.9984e-01
1.9984e-01
1.9980e-01
1.9980e-01
1.6122e+00
1.9980e-01
1.6021e+00
1.5637e+00
1.9980e-01
1.9960e-01
2.0931e-01
1.6220e+00
2.0182e-01
1.9980e-01
1.5840e+00
1.9980e-01
2.0163e-01
2.1242e-01
9.4232e-01
2.7762e-01
1.9980e-01
1.6232e+00
1.5941e+00
1.5185e+00
1.6076e+00
1.6076e+00
4.4053e-01
2.2274e-01
