9.1661e-01
7.5194e-01
9.4595e-01
8.0624e-01
8.9846e-01
6.3104e-01
9.7405e-01
8.5175e-01
6.7946e-01
8.9736e-01
8.2513e-01
8.7452e-01
5.4354e-01
6.3420e-01
7.0378e-01
5.4159e-01
6.9890e-01
7.0875e-01
5.6507e-01
6.2543e-01
7.4633e-01
9.9555e-01
6.3441e-01
1.0172e+00
7.9347e-01
7.2031e-01
1.0071e+00
8.5175e-01
9.0072e-01
5.8241e-01
4.8407e-01
6.1451e-01
8.6336e-01
9.0734e-01
7.3094e-01
6.3350e-01
8.6014e-01
6.4460e-01
5.7365e-01
6.7955e-01
9.6877e-01
7.9361e-01
9.8393e-01
6.8705e-01
7.2372e-01
9.8987e-01
9.2641e-01
7.2360e-01
9.6647e-01
6.1185e-01
9.7123e-01
6.8432e-01
1.0015e+00
7.6521e-01
8.6014e-01
9.0072e-01
6.9902e-01
8.6336e-01
6.3539e-01
8.9736e-01
8.2914e-01
6.9315e-01
6.5187e-01
6.5187e-01
6.4112e-01
8.1774e-01
5.3189e-01
6.1444e-01
9.5025e-01
7.2360e-01
6.9315e-01
7.7585e-01
1.0031e+00
6.7230e-01
9.7887e-01
6.3817e-01
1.0298e+00
6.7946e-01
6.7230e-01
1.0316e+00
6.6355e-01
7.9391e-01
7.3414e-01
6.3441e-01
7.3686e-01
8.0933e-01
7.9391e-01
7.4721e-01
9.9951e-01
9.4595e-01
7.4721e-01
9.5392e-01
8.4851e-01
6.6826e-01
1.0165e+00
7.4262e-01
4.7488e-01
1.0263e+00
6.4885e-01
7.3917e-01
5.7534e-01
7.5144e-01
9.2331e-01
9.3523e-01
7.8954e-01
9.7123e-01
8.2938e-01
7.7629e-01
6.4885e-01
9.5025e-01
6.9839e-01
6.3601e-01
7.0803e-01
1.0148e+00
6.8164e-01
5.5574e-01
7.3499e-01
8.8704e-01
8.7886e-01
9.5745e-01
7.0242e-01
7.0875e-01
8.8336e-01
9.9190e-01
6.7955e-01
8.3200e-01
7.3917e-01
7.3317e-01
6.1143e-01
6.1451e-01
6.9890e-01
7.6115e-01
9.4865e-01
6.1484e-01
1.0302e+00
9.5606e-01
7.3686e-01
5.4160e-01
9.5592e-01
7.9677e-01
6.0983e-01
8.9208e-01
7.1861e-01
6.2791e-01
9.8345e-01
8.2938e-01
7.0803e-01
6.2746e-01
9.4296e-01
8.8704e-01
5.7534e-01
8.7886e-01
7.6115e-01
6.3725e-01
7.3094e-01
9.6001e-01
9.1114e-01
7.7772e-01
5.0622e-01
6.3553e-01
9.8072e-01
9.7176e-01
1.0302e+00
6.2919e-01
6.3781e-01
6.5344e-01
6.1671e-01
6.7208e-01
5.8241e-01
7.9772e-01
6.3249e-01
5.5073e-01
4.0115e-01
6.2746e-01
9.2580e-01
7.1079e-01
6.9839e-01
8.0976e-01
8.6653e-01
9.3523e-01
4.8407e-01
7.3499e-01
1.0234e+00
6.2543e-01
7.8751e-01
7.3317e-01
5.3189e-01
6.3781e-01
6.8705e-01
6.5820e-01
5.5052e-01
9.5592e-01
9.9736e-01
8.7452e-01
5.9515e-01
9.4865e-01
7.7629e-01
6.6826e-01
9.5606e-01
7.4271e-01
7.8954e-01
8.8165e-01
5.5580e-01
7.0242e-01
9.9959e-01
8.9846e-01
6.9902e-01
7.4262e-01
9.8242e-01
5.6968e-01
7.4552e-01
5.5073e-01
9.4475e-01
6.5820e-01
9.1881e-01
7.1079e-01
9.7405e-01
7.1861e-01
8.8336e-01
6.2958e-01
9.1404e-01
6.1484e-01
1.0015e+00
8.8949e-01
5.4354e-01
7.4552e-01
1.0165e+00
7.2589e-01
9.2641e-01
9.0374e-01
7.0480e-01
8.9249e-01
7.0480e-01
6.4594e-01
9.9555e-01
6.4460e-01
9.9190e-01
7.4702e-01
6.3104e-01
8.2914e-01
7.8084e-01
5.6768e-01
9.0734e-01
7.3424e-01
1.0229e+00
8.2513e-01
5.0622e-01
7.7585e-01
6.1444e-01
6.3539e-01
7.4702e-01
9.9160e-01
9.2641e-01
9.2331e-01
7.0486e-01
9.1487e-01
7.9347e-01
9.5543e-01
9.1723e-01
7.3414e-01
6.2958e-01
6.8432e-01
8.9208e-01
7.6442e-01
7.2372e-01
6.3725e-01
7.0378e-01
5.8082e-01
9.7224e-01
1.0336e+00
8.8928e-01
9.0374e-01
9.8345e-01
8.8928e-01
5.5580e-01
6.3420e-01
7.6521e-01
6.4719e-01
9.9959e-01
9.5820e-01
6.6355e-01
9.8242e-01
6.3249e-01
5.8082e-01
4.7488e-01
6.2791e-01
7.9677e-01
9.7887e-01
8.0624e-01
5.5052e-01
6.3601e-01
1.0248e+00
5.6968e-01
9.5543e-01
8.8949e-01
9.5820e-01
7.6442e-01
1.0336e+00
7.5728e-01
6.4719e-01
7.4633e-01
5.9515e-01
9.3066e-01
9.1881e-01
5.5574e-01
9.4296e-01
6.5344e-01
7.5144e-01
9.1114e-01
9.6001e-01
9.8072e-01
9.1661e-01
9.1404e-01
6.8369e-01
7.2031e-01
9.5392e-01
6.4112e-01
6.0983e-01
6.1143e-01
7.9361e-01
6.7208e-01
9.6647e-01
1.0263e+00
9.1723e-01
6.4633e-01
9.2641e-01
5.7365e-01
8.3997e-01
7.3424e-01
8.4946e-01
8.4946e-01
8.0976e-01
9.7224e-01
