7.7537e-01
5.9444e-01
8.2277e-01
5.5103e-01
8.5134e-01
6.1466e-01
8.3071e-01
8.3635e-01
7.5391e-01
9.5418e-01
9.4095e-01
8.4961e-01
4.8926e-01
5.9807e-01
5.9119e-01
6.5728e-01
5.8185e-01
5.1618e-01
4.0136e-01
7.5554e-01
5.3648e-01
9.4819e-01
4.9979e-01
7.5246e-01
6.4629e-01
8.5410e-01
9.2130e-01
8.3635e-01
6.9333e-01
5.0510e-01
4.0688e-01
5.2073e-01
7.6558e-01
8.8711e-01
7.5552e-01
6.5399e-01
8.1620e-01
5.3378e-01
7.8568e-01
5.5793e-01
9.1112e-01
9.5748e-01
9.1090e-01
6.9280e-01
7.0775e-01
9.8712e-01
9.4437e-01
6.6361e-01
8.8493e-01
4.9630e-01
8.1886e-01
5.6260e-01
1.0005e+00
6.5930e-01
8.1620e-01
6.9333e-01
5.6033e-01
7.6558e-01
5.1240e-01
9.5418e-01
7.2422e-01
6.0060e-01
7.1806e-01
7.1806e-01
7.5703e-01
8.3267e-01
8.2744e-01
5.1093e-01
6.9565e-01
6.6361e-01
6.0060e-01
5.8792e-01
9.5254e-01
5.8963e-01
8.9040e-01
5.8632e-01
8.9913e-01
7.5391e-01
5.8963e-01
1.0117e+00
6.0468e-01
5.5995e-01
7.2686e-01
4.9979e-01
8.1777e-01
5.6898e-01
5.5995e-01
7.8200e-01
8.6475e-01
8.2277e-01
7.8200e-01
6.6597e-01
8.0002e-01
7.0820e-01
9.7161e-01
5.9189e-01
4.8730e-01
1.0060e+00
7.1476e-01
4.9962e-01
5.2901e-01
6.6961e-01
6.5306e-01
9.0248e-01
6.9496e-01
8.1886e-01
6.8339e-01
7.3867e-01
7.1476e-01
6.9565e-01
5.2601e-01
7.9207e-01
6.1312e-01
9.5773e-01
8.0778e-01
4.6825e-01
6.9851e-01
7.7113e-01
7.0696e-01
9.0067e-01
6.4250e-01
5.1618e-01
7.9380e-01
9.7106e-01
5.5793e-01
6.6761e-01
4.9962e-01
7.2748e-01
6.1498e-01
5.2073e-01
5.8185e-01
6.9064e-01
9.2708e-01
4.6124e-01
9.8389e-01
9.3247e-01
8.1777e-01
6.5728e-01
8.5023e-01
5.2996e-01
9.4722e-01
7.4762e-01
6.2593e-01
4.3694e-01
9.2334e-01
6.8339e-01
6.1312e-01
6.4091e-01
5.4032e-01
7.7113e-01
5.2901e-01
7.0696e-01
6.9064e-01
6.4228e-01
7.5552e-01
8.3970e-01
6.5078e-01
5.7048e-01
5.0849e-01
5.9631e-01
8.8139e-01
9.3864e-01
9.8389e-01
6.3377e-01
5.4778e-01
5.5305e-01
4.5405e-01
6.6225e-01
5.0510e-01
5.7235e-01
5.3972e-01
4.8308e-01
3.8515e-01
6.4091e-01
8.8215e-01
5.3344e-01
5.2601e-01
7.9405e-01
7.8117e-01
9.0248e-01
4.0688e-01
6.9851e-01
9.8487e-01
7.5554e-01
7.8009e-01
7.2748e-01
8.2744e-01
5.4778e-01
6.9280e-01
5.7446e-01
5.3956e-01
8.5023e-01
9.9317e-01
8.4961e-01
5.3526e-01
9.2708e-01
7.3867e-01
7.0820e-01
9.3247e-01
6.9826e-01
6.9496e-01
7.2659e-01
5.7023e-01
6.4250e-01
9.5555e-01
8.5134e-01
5.6033e-01
5.9189e-01
9.5427e-01
6.5186e-01
6.4342e-01
4.8308e-01
9.1830e-01
5.7446e-01
7.1693e-01
5.3344e-01
8.3071e-01
6.2593e-01
7.9380e-01
9.6141e-01
6.5008e-01
4.6124e-01
1.0005e+00
7.8638e-01
4.8926e-01
6.4342e-01
9.7161e-01
6.9003e-01
9.4437e-01
7.4987e-01
8.0860e-01
8.6907e-01
8.0860e-01
6.4280e-01
9.4819e-01
5.3378e-01
9.7106e-01
6.1478e-01
6.1466e-01
7.2422e-01
8.4327e-01
4.4801e-01
8.8711e-01
7.0860e-01
1.0050e+00
9.4095e-01
5.0849e-01
5.8792e-01
5.1093e-01
5.1240e-01
6.1478e-01
8.7628e-01
6.5816e-01
6.5306e-01
6.6245e-01
8.5789e-01
6.4629e-01
9.0743e-01
7.4141e-01
7.2686e-01
9.6141e-01
5.6260e-01
7.4762e-01
6.8606e-01
7.0775e-01
6.4228e-01
5.9119e-01
5.6907e-01
8.4563e-01
9.7745e-01
7.1577e-01
7.4987e-01
9.2334e-01
7.1577e-01
5.7023e-01
5.9807e-01
6.5930e-01
5.6420e-01
9.5555e-01
6.1464e-01
6.0468e-01
9.5427e-01
5.3972e-01
5.6907e-01
4.8730e-01
4.3694e-01
5.2996e-01
8.9040e-01
5.5103e-01
5.3956e-01
7.9207e-01
9.7947e-01
6.5186e-01
9.0743e-01
7.8638e-01
6.1464e-01
6.8606e-01
9.7745e-01
5.1172e-01
5.6420e-01
5.3648e-01
5.3526e-01
9.6188e-01
7.1693e-01
4.6825e-01
5.4032e-01
5.5305e-01
6.6961e-01
6.5078e-01
8.3970e-01
8.8139e-01
7.7537e-01
6.5008e-01
6.3333e-01
8.5410e-01
6.6597e-01
7.5703e-01
9.4722e-01
6.1498e-01
9.5748e-01
6.6225e-01
8.8493e-01
1.0060e+00
7.4141e-01
9.0526e-01
6.5816e-01
7.8568e-01
6.5922e-01
7.0860e-01
6.5723e-01
6.5723e-01
7.9405e-01
8.4563e-01
