9.0140e-01
5.2827e-01
7.8205e-01
8.1138e-01
9.5707e-01
4.5070e-01
7.8560e-01
6.6737e-01
6.0766e-01
8.9328e-01
9.2339e-01
8.4492e-01
4.4459e-01
4.1459e-01
4.4769e-01
6.7075e-01
6.3941e-01
4.7260e-01
4.1617e-01
7.1214e-01
5.7942e-01
8.7140e-01
3.1903e-01
9.4238e-01
6.6915e-01
7.3100e-01
8.2532e-01
6.6737e-01
8.2718e-01
4.0158e-01
3.8119e-02
6.2924e-01
8.0154e-01
8.1002e-01
4.7612e-01
5.4010e-01
7.3549e-01
4.4962e-01
8.9336e-01
5.1562e-01
7.6389e-01
8.9153e-01
8.8557e-01
7.2595e-01
6.3185e-01
9.1852e-01
8.7226e-01
4.7257e-01
8.3440e-01
4.3760e-01
8.0883e-01
7.7173e-01
9.5842e-01
6.4739e-01
7.3549e-01
8.2718e-01
4.6610e-01
8.0154e-01
4.8699e-01
8.9328e-01
8.6773e-01
5.8475e-01
8.4734e-01
8.4734e-01
5.5100e-01
5.3705e-01
8.4226e-01
2.3629e-01
9.0993e-01
4.7257e-01
5.8475e-01
6.5169e-01
9.4078e-01
4.0320e-01
8.5924e-01
6.3730e-01
9.2363e-01
6.0766e-01
4.0320e-01
9.4172e-01
6.3847e-01
6.0643e-01
6.6750e-01
3.1903e-01
9.2627e-01
7.1640e-01
6.0643e-01
8.5367e-01
8.4548e-01
7.8205e-01
8.5367e-01
8.4270e-01
7.4952e-01
8.1631e-01
9.2620e-01
6.1466e-01
3.1243e-01
9.6301e-01
5.7765e-01
7.3562e-01
5.2221e-01
6.7517e-01
8.4815e-01
7.6515e-01
7.2732e-01
8.0883e-01
7.2329e-01
6.4760e-01
5.7765e-01
9.0993e-01
6.7177e-01
4.8565e-01
4.7268e-01
9.0407e-01
7.2962e-01
4.9821e-01
8.4552e-01
8.4386e-01
5.2447e-01
8.2905e-01
5.2522e-01
4.7260e-01
8.4576e-01
9.5175e-01
5.1562e-01
8.4625e-01
7.3562e-01
7.4239e-01
7.0869e-01
6.2924e-01
6.3941e-01
3.6773e-01
9.3624e-01
3.0799e-01
9.2457e-01
9.5185e-01
9.2627e-01
6.7075e-01
7.7693e-01
4.7002e-01
1.3024e-01
4.7838e-01
5.9807e-01
4.4799e-01
8.0893e-01
7.2329e-01
4.7268e-01
3.6452e-01
8.1808e-01
8.4386e-01
5.2221e-01
5.2447e-01
3.6773e-01
6.7514e-01
4.7612e-01
9.5008e-01
6.4887e-01
3.0902e-01
3.1340e-01
3.7015e-01
8.6307e-01
1.2548e-01
9.2457e-01
4.6961e-01
2.9162e-01
4.8139e-01
3.5764e-01
4.9770e-01
4.0158e-01
6.4411e-01
4.4828e-01
3.7356e-01
2.1562e-01
3.6452e-01
6.7875e-01
4.5561e-01
6.7177e-01
7.6307e-01
7.5064e-01
7.6515e-01
3.8119e-02
8.4552e-01
8.9965e-01
7.1214e-01
9.1619e-01
7.4239e-01
8.4226e-01
2.9162e-01
7.2595e-01
5.5999e-01
6.1366e-01
7.7693e-01
9.4567e-01
8.4492e-01
6.8098e-01
9.3624e-01
6.4760e-01
8.1631e-01
9.5185e-01
5.5754e-01
7.2732e-01
1.9709e-01
4.9464e-01
5.2522e-01
9.3577e-01
9.5707e-01
4.6610e-01
6.1466e-01
7.5603e-01
8.0533e-01
6.8468e-01
3.7356e-01
7.9794e-01
5.5999e-01
-8.7503e-03
4.5561e-01
7.8560e-01
5.9807e-01
8.4576e-01
9.3835e-01
9.0056e-01
3.0799e-01
9.5842e-01
8.8595e-01
4.4459e-01
6.8468e-01
9.2620e-01
6.4043e-01
8.7226e-01
5.3644e-01
7.0630e-01
8.4120e-01
7.0630e-01
7.0686e-01
8.7140e-01
4.4962e-01
9.5175e-01
6.1393e-01
4.5070e-01
8.6773e-01
8.1833e-01
5.6883e-01
8.1002e-01
4.0344e-01
9.6161e-01
9.2339e-01
3.1340e-01
6.5169e-01
2.3629e-01
4.8699e-01
6.1393e-01
8.6667e-01
8.3052e-01
8.4815e-01
5.1528e-01
8.2910e-01
6.6915e-01
7.3797e-01
4.8759e-01
6.6750e-01
9.3835e-01
7.7173e-01
4.7838e-01
5.7869e-01
6.3185e-01
6.7514e-01
4.4769e-01
3.8414e-01
8.6352e-01
9.6039e-01
6.2395e-01
5.3644e-01
8.0893e-01
6.2395e-01
4.9464e-01
4.1459e-01
6.4739e-01
4.6343e-01
9.3577e-01
8.9889e-01
6.3847e-01
7.5603e-01
4.4828e-01
3.8414e-01
3.1243e-01
4.4799e-01
4.7002e-01
8.5924e-01
8.1138e-01
6.1366e-01
4.8565e-01
9.5562e-01
8.0533e-01
7.3797e-01
8.8595e-01
8.9889e-01
5.7869e-01
9.6039e-01
7.1365e-01
4.6343e-01
5.7942e-01
6.8098e-01
8.7808e-01
-8.7503e-03
4.9821e-01
8.1808e-01
4.8139e-01
6.7517e-01
6.4887e-01
9.5008e-01
8.6307e-01
9.0140e-01
9.0056e-01
6.9616e-01
7.3100e-01
8.4270e-01
5.5100e-01
1.3024e-01
7.0869e-01
8.9153e-01
4.9770e-01
8.3440e-01
9.6301e-01
4.8759e-01
9.3635e-01
8.3052e-01
8.9336e-01
6.7031e-01
4.0344e-01
3.2758e-01
3.2758e-01
7.6307e-01
8.6352e-01
